   420   392   438   452   562   633   480   499     1     1     1     1     0     1
   562   633   480   499   576   634   466   498     1     1     1     1     0     2
   576   634   466   498   590     1   494   500     1     1     1     1     0     3
   392   378   439   438   633   661   479   480     1     1     1     1     0     4
   633   661   479   480   634   662   465   466     1     1     1     1     0     5
   634   662   465   466     1    15   493   494     1     1     1     1     0     6
   378   364   440   439   661   689   478   479     1     1     1     1     0     7
   661   689   478   479   662   690   464   465     1     1     1     1     0     8
   662   690   464   465    15    29   492   493     1     1     1     1     0     9
   364   350   441   440   689   717   477   478     1     1     1     1     0    10
   689   717   477   478   690   718   463   464     1     1     1     1     0    11
   690   718   463   464    29    43   491   492     1     1     1     1     0    12
   350   336   442   441   717   745   476   477     1     1     1     1     0    13
   717   745   476   477   718   746   462   463     1     1     1     1     0    14
   718   746   462   463    43    57   490   491     1     1     1     1     0    15
   336   322   443   442   745   773   475   476     1     1     1     1     0    16
   745   773   475   476   746   774   461   462     1     1     1     1     0    17
   746   774   461   462    57    71   489   490     1     1     1     1     0    18
   322   308   444   443   773   801   474   475     1     1     1     1     0    19
   773   801   474   475   774   802   460   461     1     1     1     1     0    20
   774   802   460   461    71    85   488   489     1     1     1     1     0    21
   308   294   445   444   801   829   473   474     1     1     1     1     0    22
   801   829   473   474   802   830   459   460     1     1     1     1     0    23
   802   830   459   460    85    99   487   488     1     1     1     1     0    24
   294   280   446   445   829   857   472   473     1     1     1     1     0    25
   829   857   472   473   830   858   458   459     1     1     1     1     0    26
   830   858   458   459    99   113   486   487     1     1     1     1     0    27
   280   266   447   446   857   885   471   472     1     1     1     1     0    28
   857   885   471   472   858   886   457   458     1     1     1     1     0    29
   858   886   457   458   113   127   485   486     1     1     1     1     0    30
   266   252   448   447   885   913   470   471     1     1     1     1     0    31
   885   913   470   471   886   914   456   457     1     1     1     1     0    32
   886   914   456   457   127   141   484   485     1     1     1     1     0    33
   252   238   449   448   913   941   469   470     1     1     1     1     0    34
   913   941   469   470   914   942   455   456     1     1     1     1     0    35
   914   942   455   456   141   155   483   484     1     1     1     1     0    36
   238   224   450   449   941   969   468   469     1     1     1     1     0    37
   941   969   468   469   942   970   454   455     1     1     1     1     0    38
   942   970   454   455   155   169   482   483     1     1     1     1     0    39
   224   210   451   450   969   997   467   468     1     1     1     1     0    40
   969   997   467   468   970   998   453   454     1     1     1     1     0    41
   970   998   453   454   169   183   481   482     1     1     1     1     0    42
   210   393   437   451   997   618   496   467     1     1     1     1     0    43
   997   618   496   467   998   604   497   453     1     1     1     1     0    44
   998   604   497   453   183   619   495   481     1     1     1     1     0    45
   419   391   392   420   561   635   633   562     1     1     1     1     0    46
   561   635   633   562   575   636   634   576     1     1     1     1     0    47
   575   636   634   576   589     2     1   590     1     1     1     1     0    48
   391   377   378   392   635   663   661   633     1     1     1     1     0    49
   635   663   661   633   636   664   662   634     1     1     1     1     0    50
   636   664   662   634     2    16    15     1     1     1     1     1     0    51
   377   363   364   378   663   691   689   661     1     1     1     1     0    52
   663   691   689   661   664   692   690   662     1     1     1     1     0    53
   664   692   690   662    16    30    29    15     1     1     1     1     0    54
   363   349   350   364   691   719   717   689     1     1     1     1     0    55
   691   719   717   689   692   720   718   690     1     1     1     1     0    56
   692   720   718   690    30    44    43    29     1     1     1     1     0    57
   349   335   336   350   719   747   745   717     1     1     1     1     0    58
   719   747   745   717   720   748   746   718     1     1     1     1     0    59
   720   748   746   718    44    58    57    43     1     1     1     1     0    60
   335   321   322   336   747   775   773   745     1     1     1     1     0    61
   747   775   773   745   748   776   774   746     1     1     1     1     0    62
   748   776   774   746    58    72    71    57     1     1     1     1     0    63
   321   307   308   322   775   803   801   773     1     1     1     1     0    64
   775   803   801   773   776   804   802   774     1     1     1     1     0    65
   776   804   802   774    72    86    85    71     1     1     1     1     0    66
   307   293   294   308   803   831   829   801     1     1     1     1     0    67
   803   831   829   801   804   832   830   802     1     1     1     1     0    68
   804   832   830   802    86   100    99    85     1     1     1     1     0    69
   293   279   280   294   831   859   857   829     1     1     1     1     0    70
   831   859   857   829   832   860   858   830     1     1     1     1     0    71
   832   860   858   830   100   114   113    99     1     1     1     1     0    72
   279   265   266   280   859   887   885   857     1     1     1     1     0    73
   859   887   885   857   860   888   886   858     1     1     1     1     0    74
   860   888   886   858   114   128   127   113     1     1     1     1     0    75
   265   251   252   266   887   915   913   885     1     1     1     1     0    76
   887   915   913   885   888   916   914   886     1     1     1     1     0    77
   888   916   914   886   128   142   141   127     1     1     1     1     0    78
   251   237   238   252   915   943   941   913     1     1     1     1     0    79
   915   943   941   913   916   944   942   914     1     1     1     1     0    80
   916   944   942   914   142   156   155   141     1     1     1     1     0    81
   237   223   224   238   943   971   969   941     1     1     1     1     0    82
   943   971   969   941   944   972   970   942     1     1     1     1     0    83
   944   972   970   942   156   170   169   155     1     1     1     1     0    84
   223   209   210   224   971   999   997   969     1     1     1     1     0    85
   971   999   997   969   972  1000   998   970     1     1     1     1     0    86
   972  1000   998   970   170   184   183   169     1     1     1     1     0    87
   209   394   393   210   999   617   618   997     1     1     1     1     0    88
   999   617   618   997  1000   603   604   998     1     1     1     1     0    89
  1000   603   604   998   184   620   619   183     1     1     1     1     0    90
   418   390   391   419   560   637   635   561     1     1     1     1     0    91
   560   637   635   561   574   638   636   575     1     1     1     1     0    92
   574   638   636   575   588     3     2   589     1     1     1     1     0    93
   390   376   377   391   637   665   663   635     1     1     1     1     0    94
   637   665   663   635   638   666   664   636     1     1     1     1     0    95
   638   666   664   636     3    17    16     2     1     1     1     1     0    96
   376   362   363   377   665   693   691   663     1     1     1     1     0    97
   665   693   691   663   666   694   692   664     1     1     1     1     0    98
   666   694   692   664    17    31    30    16     1     1     1     1     0    99
   362   348   349   363   693   721   719   691     1     1     1     1     0   100
   693   721   719   691   694   722   720   692     1     1     1     1     0   101
   694   722   720   692    31    45    44    30     1     1     1     1     0   102
   348   334   335   349   721   749   747   719     1     1     1     1     0   103
   721   749   747   719   722   750   748   720     1     1     1     1     0   104
   722   750   748   720    45    59    58    44     1     1     1     1     0   105
   334   320   321   335   749   777   775   747     1     1     1     1     0   106
   749   777   775   747   750   778   776   748     1     1     1     1     0   107
   750   778   776   748    59    73    72    58     1     1     1     1     0   108
   320   306   307   321   777   805   803   775     1     1     1     1     0   109
   777   805   803   775   778   806   804   776     1     1     1     1     0   110
   778   806   804   776    73    87    86    72     1     1     1     1     0   111
   306   292   293   307   805   833   831   803     1     1     1     1     0   112
   805   833   831   803   806   834   832   804     1     1     1     1     0   113
   806   834   832   804    87   101   100    86     1     1     1     1     0   114
   292   278   279   293   833   861   859   831     1     1     1     1     0   115
   833   861   859   831   834   862   860   832     1     1     1     1     0   116
   834   862   860   832   101   115   114   100     1     1     1     1     0   117
   278   264   265   279   861   889   887   859     1     1     1     1     0   118
   861   889   887   859   862   890   888   860     1     1     1     1     0   119
   862   890   888   860   115   129   128   114     1     1     1     1     0   120
   264   250   251   265   889   917   915   887     1     1     1     1     0   121
   889   917   915   887   890   918   916   888     1     1     1     1     0   122
   890   918   916   888   129   143   142   128     1     1     1     1     0   123
   250   236   237   251   917   945   943   915     1     1     1     1     0   124
   917   945   943   915   918   946   944   916     1     1     1     1     0   125
   918   946   944   916   143   157   156   142     1     1     1     1     0   126
   236   222   223   237   945   973   971   943     1     1     1     1     0   127
   945   973   971   943   946   974   972   944     1     1     1     1     0   128
   946   974   972   944   157   171   170   156     1     1     1     1     0   129
   222   208   209   223   973  1001   999   971     1     1     1     1     0   130
   973  1001   999   971   974  1002  1000   972     1     1     1     1     0   131
   974  1002  1000   972   171   185   184   170     1     1     1     1     0   132
   208   395   394   209  1001   616   617   999     1     1     1     1     0   133
  1001   616   617   999  1002   602   603  1000     1     1     1     1     0   134
  1002   602   603  1000   185   621   620   184     1     1     1     1     0   135
   417   389   390   418   559   639   637   560     1     1     1     1     0   136
   559   639   637   560   573   640   638   574     1     1     1     1     0   137
   573   640   638   574   587     4     3   588     1     1     1     1     0   138
   389   375   376   390   639   667   665   637     1     1     1     1     0   139
   639   667   665   637   640   668   666   638     1     1     1     1     0   140
   640   668   666   638     4    18    17     3     1     1     1     1     0   141
   375   361   362   376   667   695   693   665     1     1     1     1     0   142
   667   695   693   665   668   696   694   666     1     1     1     1     0   143
   668   696   694   666    18    32    31    17     1     1     1     1     0   144
   361   347   348   362   695   723   721   693     1     1     1     1     0   145
   695   723   721   693   696   724   722   694     1     1     1     1     0   146
   696   724   722   694    32    46    45    31     1     1     1     1     0   147
   347   333   334   348   723   751   749   721     1     1     1     1     0   148
   723   751   749   721   724   752   750   722     1     1     1     1     0   149
   724   752   750   722    46    60    59    45     1     1     1     1     0   150
   333   319   320   334   751   779   777   749     1     1     1     1     0   151
   751   779   777   749   752   780   778   750     1     1     1     1     0   152
   752   780   778   750    60    74    73    59     1     1     1     1     0   153
   319   305   306   320   779   807   805   777     1     1     1     1     0   154
   779   807   805   777   780   808   806   778     1     1     1     1     0   155
   780   808   806   778    74    88    87    73     1     1     1     1     0   156
   305   291   292   306   807   835   833   805     1     1     1     1     0   157
   807   835   833   805   808   836   834   806     1     1     1     1     0   158
   808   836   834   806    88   102   101    87     1     1     1     1     0   159
   291   277   278   292   835   863   861   833     1     1     1     1     0   160
   835   863   861   833   836   864   862   834     1     1     1     1     0   161
   836   864   862   834   102   116   115   101     1     1     1     1     0   162
   277   263   264   278   863   891   889   861     1     1     1     1     0   163
   863   891   889   861   864   892   890   862     1     1     1     1     0   164
   864   892   890   862   116   130   129   115     1     1     1     1     0   165
   263   249   250   264   891   919   917   889     1     1     1     1     0   166
   891   919   917   889   892   920   918   890     1     1     1     1     0   167
   892   920   918   890   130   144   143   129     1     1     1     1     0   168
   249   235   236   250   919   947   945   917     1     1     1     1     0   169
   919   947   945   917   920   948   946   918     1     1     1     1     0   170
   920   948   946   918   144   158   157   143     1     1     1     1     0   171
   235   221   222   236   947   975   973   945     1     1     1     1     0   172
   947   975   973   945   948   976   974   946     1     1     1     1     0   173
   948   976   974   946   158   172   171   157     1     1     1     1     0   174
   221   207   208   222   975  1003  1001   973     1     1     1     1     0   175
   975  1003  1001   973   976  1004  1002   974     1     1     1     1     0   176
   976  1004  1002   974   172   186   185   171     1     1     1     1     0   177
   207   396   395   208  1003   615   616  1001     1     1     1     1     0   178
  1003   615   616  1001  1004   601   602  1002     1     1     1     1     0   179
  1004   601   602  1002   186   622   621   185     1     1     1     1     0   180
   416   388   389   417   558   641   639   559     1     1     1     1     0   181
   558   641   639   559   572   642   640   573     1     1     1     1     0   182
   572   642   640   573   586     5     4   587     1     1     1     1     0   183
   388   374   375   389   641   669   667   639     1     1     1     1     0   184
   641   669   667   639   642   670   668   640     1     1     1     1     0   185
   642   670   668   640     5    19    18     4     1     1     1     1     0   186
   374   360   361   375   669   697   695   667     1     1     1     1     0   187
   669   697   695   667   670   698   696   668     1     1     1     1     0   188
   670   698   696   668    19    33    32    18     1     1     1     1     0   189
   360   346   347   361   697   725   723   695     1     1     1     1     0   190
   697   725   723   695   698   726   724   696     1     1     1     1     0   191
   698   726   724   696    33    47    46    32     1     1     1     1     0   192
   346   332   333   347   725   753   751   723     1     1     1     1     0   193
   725   753   751   723   726   754   752   724     1     1     1     1     0   194
   726   754   752   724    47    61    60    46     1     1     1     1     0   195
   332   318   319   333   753   781   779   751     1     1     1     1     0   196
   753   781   779   751   754   782   780   752     1     1     1     1     0   197
   754   782   780   752    61    75    74    60     1     1     1     1     0   198
   318   304   305   319   781   809   807   779     1     1     1     1     0   199
   781   809   807   779   782   810   808   780     1     1     1     1     0   200
   782   810   808   780    75    89    88    74     1     1     1     1     0   201
   304   290   291   305   809   837   835   807     1     1     1     1     0   202
   809   837   835   807   810   838   836   808     1     1     1     1     0   203
   810   838   836   808    89   103   102    88     1     1     1     1     0   204
   290   276   277   291   837   865   863   835     1     1     1     1     0   205
   837   865   863   835   838   866   864   836     1     1     1     1     0   206
   838   866   864   836   103   117   116   102     1     1     1     1     0   207
   276   262   263   277   865   893   891   863     1     1     1     1     0   208
   865   893   891   863   866   894   892   864     1     1     1     1     0   209
   866   894   892   864   117   131   130   116     1     1     1     1     0   210
   262   248   249   263   893   921   919   891     1     1     1     1     0   211
   893   921   919   891   894   922   920   892     1     1     1     1     0   212
   894   922   920   892   131   145   144   130     1     1     1     1     0   213
   248   234   235   249   921   949   947   919     1     1     1     1     0   214
   921   949   947   919   922   950   948   920     1     1     1     1     0   215
   922   950   948   920   145   159   158   144     1     1     1     1     0   216
   234   220   221   235   949   977   975   947     1     1     1     1     0   217
   949   977   975   947   950   978   976   948     1     1     1     1     0   218
   950   978   976   948   159   173   172   158     1     1     1     1     0   219
   220   206   207   221   977  1005  1003   975     1     1     1     1     0   220
   977  1005  1003   975   978  1006  1004   976     1     1     1     1     0   221
   978  1006  1004   976   173   187   186   172     1     1     1     1     0   222
   206   397   396   207  1005   614   615  1003     1     1     1     1     0   223
  1005   614   615  1003  1006   600   601  1004     1     1     1     1     0   224
  1006   600   601  1004   187   623   622   186     1     1     1     1     0   225
   415   387   388   416   557   643   641   558     1     1     1     1     0   226
   557   643   641   558   571   644   642   572     1     1     1     1     0   227
   571   644   642   572   585     6     5   586     1     1     1     1     0   228
   387   373   374   388   643   671   669   641     1     1     1     1     0   229
   643   671   669   641   644   672   670   642     1     1     1     1     0   230
   644   672   670   642     6    20    19     5     1     1     1     1     0   231
   373   359   360   374   671   699   697   669     1     1     1     1     0   232
   671   699   697   669   672   700   698   670     1     1     1     1     0   233
   672   700   698   670    20    34    33    19     1     1     1     1     0   234
   359   345   346   360   699   727   725   697     1     1     1     1     0   235
   699   727   725   697   700   728   726   698     1     1     1     1     0   236
   700   728   726   698    34    48    47    33     1     1     1     1     0   237
   345   331   332   346   727   755   753   725     1     1     1     1     0   238
   727   755   753   725   728   756   754   726     1     1     1     1     0   239
   728   756   754   726    48    62    61    47     1     1     1     1     0   240
   331   317   318   332   755   783   781   753     1     1     1     1     0   241
   755   783   781   753   756   784   782   754     1     1     1     1     0   242
   756   784   782   754    62    76    75    61     1     1     1     1     0   243
   317   303   304   318   783   811   809   781     1     1     1     1     0   244
   783   811   809   781   784   812   810   782     1     1     1     1     0   245
   784   812   810   782    76    90    89    75     1     1     1     1     0   246
   303   289   290   304   811   839   837   809     1     1     1     1     0   247
   811   839   837   809   812   840   838   810     1     1     1     1     0   248
   812   840   838   810    90   104   103    89     1     1     1     1     0   249
   289   275   276   290   839   867   865   837     1     1     1     1     0   250
   839   867   865   837   840   868   866   838     1     1     1     1     0   251
   840   868   866   838   104   118   117   103     1     1     1     1     0   252
   275   261   262   276   867   895   893   865     1     1     1     1     0   253
   867   895   893   865   868   896   894   866     1     1     1     1     0   254
   868   896   894   866   118   132   131   117     1     1     1     1     0   255
   261   247   248   262   895   923   921   893     1     1     1     1     0   256
   895   923   921   893   896   924   922   894     1     1     1     1     0   257
   896   924   922   894   132   146   145   131     1     1     1     1     0   258
   247   233   234   248   923   951   949   921     1     1     1     1     0   259
   923   951   949   921   924   952   950   922     1     1     1     1     0   260
   924   952   950   922   146   160   159   145     1     1     1     1     0   261
   233   219   220   234   951   979   977   949     1     1     1     1     0   262
   951   979   977   949   952   980   978   950     1     1     1     1     0   263
   952   980   978   950   160   174   173   159     1     1     1     1     0   264
   219   205   206   220   979  1007  1005   977     1     1     1     1     0   265
   979  1007  1005   977   980  1008  1006   978     1     1     1     1     0   266
   980  1008  1006   978   174   188   187   173     1     1     1     1     0   267
   205   398   397   206  1007   613   614  1005     1     1     1     1     0   268
  1007   613   614  1005  1008   599   600  1006     1     1     1     1     0   269
  1008   599   600  1006   188   624   623   187     1     1     1     1     0   270
   414   386   387   415   556   645   643   557     1     1     1     1     0   271
   556   645   643   557   570   646   644   571     1     1     1     1     0   272
   570   646   644   571   584     7     6   585     1     1     1     1     0   273
   386   372   373   387   645   673   671   643     1     1     1     1     0   274
   645   673   671   643   646   674   672   644     1     1     1     1     0   275
   646   674   672   644     7    21    20     6     1     1     1     1     0   276
   372   358   359   373   673   701   699   671     1     1     1     1     0   277
   673   701   699   671   674   702   700   672     1     1     1     1     0   278
   674   702   700   672    21    35    34    20     1     1     1     1     0   279
   358   344   345   359   701   729   727   699     1     1     1     1     0   280
   701   729   727   699   702   730   728   700     1     1     1     1     0   281
   702   730   728   700    35    49    48    34     1     1     1     1     0   282
   344   330   331   345   729   757   755   727     1     1     1     1     0   283
   729   757   755   727   730   758   756   728     1     1     1     1     0   284
   730   758   756   728    49    63    62    48     1     1     1     1     0   285
   330   316   317   331   757   785   783   755     1     1     1     1     0   286
   757   785   783   755   758   786   784   756     1     1     1     1     0   287
   758   786   784   756    63    77    76    62     1     1     1     1     0   288
   316   302   303   317   785   813   811   783     1     1     1     1     0   289
   785   813   811   783   786   814   812   784     1     1     1     1     0   290
   786   814   812   784    77    91    90    76     1     1     1     1     0   291
   302   288   289   303   813   841   839   811     1     1     1     1     0   292
   813   841   839   811   814   842   840   812     1     1     1     1     0   293
   814   842   840   812    91   105   104    90     1     1     1     1     0   294
   288   274   275   289   841   869   867   839     1     1     1     1     0   295
   841   869   867   839   842   870   868   840     1     1     1     1     0   296
   842   870   868   840   105   119   118   104     1     1     1     1     0   297
   274   260   261   275   869   897   895   867     1     1     1     1     0   298
   869   897   895   867   870   898   896   868     1     1     1     1     0   299
   870   898   896   868   119   133   132   118     1     1     1     1     0   300
   260   246   247   261   897   925   923   895     1     1     1     1     0   301
   897   925   923   895   898   926   924   896     1     1     1     1     0   302
   898   926   924   896   133   147   146   132     1     1     1     1     0   303
   246   232   233   247   925   953   951   923     1     1     1     1     0   304
   925   953   951   923   926   954   952   924     1     1     1     1     0   305
   926   954   952   924   147   161   160   146     1     1     1     1     0   306
   232   218   219   233   953   981   979   951     1     1     1     1     0   307
   953   981   979   951   954   982   980   952     1     1     1     1     0   308
   954   982   980   952   161   175   174   160     1     1     1     1     0   309
   218   204   205   219   981  1009  1007   979     1     1     1     1     0   310
   981  1009  1007   979   982  1010  1008   980     1     1     1     1     0   311
   982  1010  1008   980   175   189   188   174     1     1     1     1     0   312
   204   399   398   205  1009   612   613  1007     1     1     1     1     0   313
  1009   612   613  1007  1010   598   599  1008     1     1     1     1     0   314
  1010   598   599  1008   189   625   624   188     1     1     1     1     0   315
   413   385   386   414   555   647   645   556     1     1     1     1     0   316
   555   647   645   556   569   648   646   570     1     1     1     1     0   317
   569   648   646   570   583     8     7   584     1     1     1     1     0   318
   385   371   372   386   647   675   673   645     1     1     1     1     0   319
   647   675   673   645   648   676   674   646     1     1     1     1     0   320
   648   676   674   646     8    22    21     7     1     1     1     1     0   321
   371   357   358   372   675   703   701   673     1     1     1     1     0   322
   675   703   701   673   676   704   702   674     1     1     1     1     0   323
   676   704   702   674    22    36    35    21     1     1     1     1     0   324
   357   343   344   358   703   731   729   701     1     1     1     1     0   325
   703   731   729   701   704   732   730   702     1     1     1     1     0   326
   704   732   730   702    36    50    49    35     1     1     1     1     0   327
   343   329   330   344   731   759   757   729     1     1     1     1     0   328
   731   759   757   729   732   760   758   730     1     1     1     1     0   329
   732   760   758   730    50    64    63    49     1     1     1     1     0   330
   329   315   316   330   759   787   785   757     1     1     1     1     0   331
   759   787   785   757   760   788   786   758     1     1     1     1     0   332
   760   788   786   758    64    78    77    63     1     1     1     1     0   333
   315   301   302   316   787   815   813   785     1     1     1     1     0   334
   787   815   813   785   788   816   814   786     1     1     1     1     0   335
   788   816   814   786    78    92    91    77     1     1     1     1     0   336
   301   287   288   302   815   843   841   813     1     1     1     1     0   337
   815   843   841   813   816   844   842   814     1     1     1     1     0   338
   816   844   842   814    92   106   105    91     1     1     1     1     0   339
   287   273   274   288   843   871   869   841     1     1     1     1     0   340
   843   871   869   841   844   872   870   842     1     1     1     1     0   341
   844   872   870   842   106   120   119   105     1     1     1     1     0   342
   273   259   260   274   871   899   897   869     1     1     1     1     0   343
   871   899   897   869   872   900   898   870     1     1     1     1     0   344
   872   900   898   870   120   134   133   119     1     1     1     1     0   345
   259   245   246   260   899   927   925   897     1     1     1     1     0   346
   899   927   925   897   900   928   926   898     1     1     1     1     0   347
   900   928   926   898   134   148   147   133     1     1     1     1     0   348
   245   231   232   246   927   955   953   925     1     1     1     1     0   349
   927   955   953   925   928   956   954   926     1     1     1     1     0   350
   928   956   954   926   148   162   161   147     1     1     1     1     0   351
   231   217   218   232   955   983   981   953     1     1     1     1     0   352
   955   983   981   953   956   984   982   954     1     1     1     1     0   353
   956   984   982   954   162   176   175   161     1     1     1     1     0   354
   217   203   204   218   983  1011  1009   981     1     1     1     1     0   355
   983  1011  1009   981   984  1012  1010   982     1     1     1     1     0   356
   984  1012  1010   982   176   190   189   175     1     1     1     1     0   357
   203   400   399   204  1011   611   612  1009     1     1     1     1     0   358
  1011   611   612  1009  1012   597   598  1010     1     1     1     1     0   359
  1012   597   598  1010   190   626   625   189     1     1     1     1     0   360
   412   384   385   413   554   649   647   555     1     1     1     1     0   361
   554   649   647   555   568   650   648   569     1     1     1     1     0   362
   568   650   648   569   582     9     8   583     1     1     1     1     0   363
   384   370   371   385   649   677   675   647     1     1     1     1     0   364
   649   677   675   647   650   678   676   648     1     1     1     1     0   365
   650   678   676   648     9    23    22     8     1     1     1     1     0   366
   370   356   357   371   677   705   703   675     1     1     1     1     0   367
   677   705   703   675   678   706   704   676     1     1     1     1     0   368
   678   706   704   676    23    37    36    22     1     1     1     1     0   369
   356   342   343   357   705   733   731   703     1     1     1     1     0   370
   705   733   731   703   706   734   732   704     1     1     1     1     0   371
   706   734   732   704    37    51    50    36     1     1     1     1     0   372
   342   328   329   343   733   761   759   731     1     1     1     1     0   373
   733   761   759   731   734   762   760   732     1     1     1     1     0   374
   734   762   760   732    51    65    64    50     1     1     1     1     0   375
   328   314   315   329   761   789   787   759     1     1     1     1     0   376
   761   789   787   759   762   790   788   760     1     1     1     1     0   377
   762   790   788   760    65    79    78    64     1     1     1     1     0   378
   314   300   301   315   789   817   815   787     1     1     1     1     0   379
   789   817   815   787   790   818   816   788     1     1     1     1     0   380
   790   818   816   788    79    93    92    78     1     1     1     1     0   381
   300   286   287   301   817   845   843   815     1     1     1     1     0   382
   817   845   843   815   818   846   844   816     1     1     1     1     0   383
   818   846   844   816    93   107   106    92     1     1     1     1     0   384
   286   272   273   287   845   873   871   843     1     1     1     1     0   385
   845   873   871   843   846   874   872   844     1     1     1     1     0   386
   846   874   872   844   107   121   120   106     1     1     1     1     0   387
   272   258   259   273   873   901   899   871     1     1     1     1     0   388
   873   901   899   871   874   902   900   872     1     1     1     1     0   389
   874   902   900   872   121   135   134   120     1     1     1     1     0   390
   258   244   245   259   901   929   927   899     1     1     1     1     0   391
   901   929   927   899   902   930   928   900     1     1     1     1     0   392
   902   930   928   900   135   149   148   134     1     1     1     1     0   393
   244   230   231   245   929   957   955   927     1     1     1     1     0   394
   929   957   955   927   930   958   956   928     1     1     1     1     0   395
   930   958   956   928   149   163   162   148     1     1     1     1     0   396
   230   216   217   231   957   985   983   955     1     1     1     1     0   397
   957   985   983   955   958   986   984   956     1     1     1     1     0   398
   958   986   984   956   163   177   176   162     1     1     1     1     0   399
   216   202   203   217   985  1013  1011   983     1     1     1     1     0   400
   985  1013  1011   983   986  1014  1012   984     1     1     1     1     0   401
   986  1014  1012   984   177   191   190   176     1     1     1     1     0   402
   202   401   400   203  1013   610   611  1011     1     1     1     1     0   403
  1013   610   611  1011  1014   596   597  1012     1     1     1     1     0   404
  1014   596   597  1012   191   627   626   190     1     1     1     1     0   405
   411   383   384   412   553   651   649   554     1     1     1     1     0   406
   553   651   649   554   567   652   650   568     1     1     1     1     0   407
   567   652   650   568   581    10     9   582     1     1     1     1     0   408
   383   369   370   384   651   679   677   649     1     1     1     1     0   409
   651   679   677   649   652   680   678   650     1     1     1     1     0   410
   652   680   678   650    10    24    23     9     1     1     1     1     0   411
   369   355   356   370   679   707   705   677     1     1     1     1     0   412
   679   707   705   677   680   708   706   678     1     1     1     1     0   413
   680   708   706   678    24    38    37    23     1     1     1     1     0   414
   355   341   342   356   707   735   733   705     1     1     1     1     0   415
   707   735   733   705   708   736   734   706     1     1     1     1     0   416
   708   736   734   706    38    52    51    37     1     1     1     1     0   417
   341   327   328   342   735   763   761   733     1     1     1     1     0   418
   735   763   761   733   736   764   762   734     1     1     1     1     0   419
   736   764   762   734    52    66    65    51     1     1     1     1     0   420
   327   313   314   328   763   791   789   761     1     1     1     1     0   421
   763   791   789   761   764   792   790   762     1     1     1     1     0   422
   764   792   790   762    66    80    79    65     1     1     1     1     0   423
   313   299   300   314   791   819   817   789     1     1     1     1     0   424
   791   819   817   789   792   820   818   790     1     1     1     1     0   425
   792   820   818   790    80    94    93    79     1     1     1     1     0   426
   299   285   286   300   819   847   845   817     1     1     1     1     0   427
   819   847   845   817   820   848   846   818     1     1     1     1     0   428
   820   848   846   818    94   108   107    93     1     1     1     1     0   429
   285   271   272   286   847   875   873   845     1     1     1     1     0   430
   847   875   873   845   848   876   874   846     1     1     1     1     0   431
   848   876   874   846   108   122   121   107     1     1     1     1     0   432
   271   257   258   272   875   903   901   873     1     1     1     1     0   433
   875   903   901   873   876   904   902   874     1     1     1     1     0   434
   876   904   902   874   122   136   135   121     1     1     1     1     0   435
   257   243   244   258   903   931   929   901     1     1     1     1     0   436
   903   931   929   901   904   932   930   902     1     1     1     1     0   437
   904   932   930   902   136   150   149   135     1     1     1     1     0   438
   243   229   230   244   931   959   957   929     1     1     1     1     0   439
   931   959   957   929   932   960   958   930     1     1     1     1     0   440
   932   960   958   930   150   164   163   149     1     1     1     1     0   441
   229   215   216   230   959   987   985   957     1     1     1     1     0   442
   959   987   985   957   960   988   986   958     1     1     1     1     0   443
   960   988   986   958   164   178   177   163     1     1     1     1     0   444
   215   201   202   216   987  1015  1013   985     1     1     1     1     0   445
   987  1015  1013   985   988  1016  1014   986     1     1     1     1     0   446
   988  1016  1014   986   178   192   191   177     1     1     1     1     0   447
   201   402   401   202  1015   609   610  1013     1     1     1     1     0   448
  1015   609   610  1013  1016   595   596  1014     1     1     1     1     0   449
  1016   595   596  1014   192   628   627   191     1     1     1     1     0   450
   410   382   383   411   552   653   651   553     1     1     1     1     0   451
   552   653   651   553   566   654   652   567     1     1     1     1     0   452
   566   654   652   567   580    11    10   581     1     1     1     1     0   453
   382   368   369   383   653   681   679   651     1     1     1     1     0   454
   653   681   679   651   654   682   680   652     1     1     1     1     0   455
   654   682   680   652    11    25    24    10     1     1     1     1     0   456
   368   354   355   369   681   709   707   679     1     1     1     1     0   457
   681   709   707   679   682   710   708   680     1     1     1     1     0   458
   682   710   708   680    25    39    38    24     1     1     1     1     0   459
   354   340   341   355   709   737   735   707     1     1     1     1     0   460
   709   737   735   707   710   738   736   708     1     1     1     1     0   461
   710   738   736   708    39    53    52    38     1     1     1     1     0   462
   340   326   327   341   737   765   763   735     1     1     1     1     0   463
   737   765   763   735   738   766   764   736     1     1     1     1     0   464
   738   766   764   736    53    67    66    52     1     1     1     1     0   465
   326   312   313   327   765   793   791   763     1     1     1     1     0   466
   765   793   791   763   766   794   792   764     1     1     1     1     0   467
   766   794   792   764    67    81    80    66     1     1     1     1     0   468
   312   298   299   313   793   821   819   791     1     1     1     1     0   469
   793   821   819   791   794   822   820   792     1     1     1     1     0   470
   794   822   820   792    81    95    94    80     1     1     1     1     0   471
   298   284   285   299   821   849   847   819     1     1     1     1     0   472
   821   849   847   819   822   850   848   820     1     1     1     1     0   473
   822   850   848   820    95   109   108    94     1     1     1     1     0   474
   284   270   271   285   849   877   875   847     1     1     1     1     0   475
   849   877   875   847   850   878   876   848     1     1     1     1     0   476
   850   878   876   848   109   123   122   108     1     1     1     1     0   477
   270   256   257   271   877   905   903   875     1     1     1     1     0   478
   877   905   903   875   878   906   904   876     1     1     1     1     0   479
   878   906   904   876   123   137   136   122     1     1     1     1     0   480
   256   242   243   257   905   933   931   903     1     1     1     1     0   481
   905   933   931   903   906   934   932   904     1     1     1     1     0   482
   906   934   932   904   137   151   150   136     1     1     1     1     0   483
   242   228   229   243   933   961   959   931     1     1     1     1     0   484
   933   961   959   931   934   962   960   932     1     1     1     1     0   485
   934   962   960   932   151   165   164   150     1     1     1     1     0   486
   228   214   215   229   961   989   987   959     1     1     1     1     0   487
   961   989   987   959   962   990   988   960     1     1     1     1     0   488
   962   990   988   960   165   179   178   164     1     1     1     1     0   489
   214   200   201   215   989  1017  1015   987     1     1     1     1     0   490
   989  1017  1015   987   990  1018  1016   988     1     1     1     1     0   491
   990  1018  1016   988   179   193   192   178     1     1     1     1     0   492
   200   403   402   201  1017   608   609  1015     1     1     1     1     0   493
  1017   608   609  1015  1018   594   595  1016     1     1     1     1     0   494
  1018   594   595  1016   193   629   628   192     1     1     1     1     0   495
   409   381   382   410   551   655   653   552     1     1     1     1     0   496
   551   655   653   552   565   656   654   566     1     1     1     1     0   497
   565   656   654   566   579    12    11   580     1     1     1     1     0   498
   381   367   368   382   655   683   681   653     1     1     1     1     0   499
   655   683   681   653   656   684   682   654     1     1     1     1     0   500
   656   684   682   654    12    26    25    11     1     1     1     1     0   501
   367   353   354   368   683   711   709   681     1     1     1     1     0   502
   683   711   709   681   684   712   710   682     1     1     1     1     0   503
   684   712   710   682    26    40    39    25     1     1     1     1     0   504
   353   339   340   354   711   739   737   709     1     1     1     1     0   505
   711   739   737   709   712   740   738   710     1     1     1     1     0   506
   712   740   738   710    40    54    53    39     1     1     1     1     0   507
   339   325   326   340   739   767   765   737     1     1     1     1     0   508
   739   767   765   737   740   768   766   738     1     1     1     1     0   509
   740   768   766   738    54    68    67    53     1     1     1     1     0   510
   325   311   312   326   767   795   793   765     1     1     1     1     0   511
   767   795   793   765   768   796   794   766     1     1     1     1     0   512
   768   796   794   766    68    82    81    67     1     1     1     1     0   513
   311   297   298   312   795   823   821   793     1     1     1     1     0   514
   795   823   821   793   796   824   822   794     1     1     1     1     0   515
   796   824   822   794    82    96    95    81     1     1     1     1     0   516
   297   283   284   298   823   851   849   821     1     1     1     1     0   517
   823   851   849   821   824   852   850   822     1     1     1     1     0   518
   824   852   850   822    96   110   109    95     1     1     1     1     0   519
   283   269   270   284   851   879   877   849     1     1     1     1     0   520
   851   879   877   849   852   880   878   850     1     1     1     1     0   521
   852   880   878   850   110   124   123   109     1     1     1     1     0   522
   269   255   256   270   879   907   905   877     1     1     1     1     0   523
   879   907   905   877   880   908   906   878     1     1     1     1     0   524
   880   908   906   878   124   138   137   123     1     1     1     1     0   525
   255   241   242   256   907   935   933   905     1     1     1     1     0   526
   907   935   933   905   908   936   934   906     1     1     1     1     0   527
   908   936   934   906   138   152   151   137     1     1     1     1     0   528
   241   227   228   242   935   963   961   933     1     1     1     1     0   529
   935   963   961   933   936   964   962   934     1     1     1     1     0   530
   936   964   962   934   152   166   165   151     1     1     1     1     0   531
   227   213   214   228   963   991   989   961     1     1     1     1     0   532
   963   991   989   961   964   992   990   962     1     1     1     1     0   533
   964   992   990   962   166   180   179   165     1     1     1     1     0   534
   213   199   200   214   991  1019  1017   989     1     1     1     1     0   535
   991  1019  1017   989   992  1020  1018   990     1     1     1     1     0   536
   992  1020  1018   990   180   194   193   179     1     1     1     1     0   537
   199   404   403   200  1019   607   608  1017     1     1     1     1     0   538
  1019   607   608  1017  1020   593   594  1018     1     1     1     1     0   539
  1020   593   594  1018   194   630   629   193     1     1     1     1     0   540
   408   380   381   409   550   657   655   551     1     1     1     1     0   541
   550   657   655   551   564   658   656   565     1     1     1     1     0   542
   564   658   656   565   578    13    12   579     1     1     1     1     0   543
   380   366   367   381   657   685   683   655     1     1     1     1     0   544
   657   685   683   655   658   686   684   656     1     1     1     1     0   545
   658   686   684   656    13    27    26    12     1     1     1     1     0   546
   366   352   353   367   685   713   711   683     1     1     1     1     0   547
   685   713   711   683   686   714   712   684     1     1     1     1     0   548
   686   714   712   684    27    41    40    26     1     1     1     1     0   549
   352   338   339   353   713   741   739   711     1     1     1     1     0   550
   713   741   739   711   714   742   740   712     1     1     1     1     0   551
   714   742   740   712    41    55    54    40     1     1     1     1     0   552
   338   324   325   339   741   769   767   739     1     1     1     1     0   553
   741   769   767   739   742   770   768   740     1     1     1     1     0   554
   742   770   768   740    55    69    68    54     1     1     1     1     0   555
   324   310   311   325   769   797   795   767     1     1     1     1     0   556
   769   797   795   767   770   798   796   768     1     1     1     1     0   557
   770   798   796   768    69    83    82    68     1     1     1     1     0   558
   310   296   297   311   797   825   823   795     1     1     1     1     0   559
   797   825   823   795   798   826   824   796     1     1     1     1     0   560
   798   826   824   796    83    97    96    82     1     1     1     1     0   561
   296   282   283   297   825   853   851   823     1     1     1     1     0   562
   825   853   851   823   826   854   852   824     1     1     1     1     0   563
   826   854   852   824    97   111   110    96     1     1     1     1     0   564
   282   268   269   283   853   881   879   851     1     1     1     1     0   565
   853   881   879   851   854   882   880   852     1     1     1     1     0   566
   854   882   880   852   111   125   124   110     1     1     1     1     0   567
   268   254   255   269   881   909   907   879     1     1     1     1     0   568
   881   909   907   879   882   910   908   880     1     1     1     1     0   569
   882   910   908   880   125   139   138   124     1     1     1     1     0   570
   254   240   241   255   909   937   935   907     1     1     1     1     0   571
   909   937   935   907   910   938   936   908     1     1     1     1     0   572
   910   938   936   908   139   153   152   138     1     1     1     1     0   573
   240   226   227   241   937   965   963   935     1     1     1     1     0   574
   937   965   963   935   938   966   964   936     1     1     1     1     0   575
   938   966   964   936   153   167   166   152     1     1     1     1     0   576
   226   212   213   227   965   993   991   963     1     1     1     1     0   577
   965   993   991   963   966   994   992   964     1     1     1     1     0   578
   966   994   992   964   167   181   180   166     1     1     1     1     0   579
   212   198   199   213   993  1021  1019   991     1     1     1     1     0   580
   993  1021  1019   991   994  1022  1020   992     1     1     1     1     0   581
   994  1022  1020   992   181   195   194   180     1     1     1     1     0   582
   198   405   404   199  1021   606   607  1019     1     1     1     1     0   583
  1021   606   607  1019  1022   592   593  1020     1     1     1     1     0   584
  1022   592   593  1020   195   631   630   194     1     1     1     1     0   585
   407   379   380   408   549   659   657   550     1     1     1     1     0   586
   549   659   657   550   563   660   658   564     1     1     1     1     0   587
   563   660   658   564   577    14    13   578     1     1     1     1     0   588
   379   365   366   380   659   687   685   657     1     1     1     1     0   589
   659   687   685   657   660   688   686   658     1     1     1     1     0   590
   660   688   686   658    14    28    27    13     1     1     1     1     0   591
   365   351   352   366   687   715   713   685     1     1     1     1     0   592
   687   715   713   685   688   716   714   686     1     1     1     1     0   593
   688   716   714   686    28    42    41    27     1     1     1     1     0   594
   351   337   338   352   715   743   741   713     1     1     1     1     0   595
   715   743   741   713   716   744   742   714     1     1     1     1     0   596
   716   744   742   714    42    56    55    41     1     1     1     1     0   597
   337   323   324   338   743   771   769   741     1     1     1     1     0   598
   743   771   769   741   744   772   770   742     1     1     1     1     0   599
   744   772   770   742    56    70    69    55     1     1     1     1     0   600
   323   309   310   324   771   799   797   769     1     1     1     1     0   601
   771   799   797   769   772   800   798   770     1     1     1     1     0   602
   772   800   798   770    70    84    83    69     1     1     1     1     0   603
   309   295   296   310   799   827   825   797     1     1     1     1     0   604
   799   827   825   797   800   828   826   798     1     1     1     1     0   605
   800   828   826   798    84    98    97    83     1     1     1     1     0   606
   295   281   282   296   827   855   853   825     1     1     1     1     0   607
   827   855   853   825   828   856   854   826     1     1     1     1     0   608
   828   856   854   826    98   112   111    97     1     1     1     1     0   609
   281   267   268   282   855   883   881   853     1     1     1     1     0   610
   855   883   881   853   856   884   882   854     1     1     1     1     0   611
   856   884   882   854   112   126   125   111     1     1     1     1     0   612
   267   253   254   268   883   911   909   881     1     1     1     1     0   613
   883   911   909   881   884   912   910   882     1     1     1     1     0   614
   884   912   910   882   126   140   139   125     1     1     1     1     0   615
   253   239   240   254   911   939   937   909     1     1     1     1     0   616
   911   939   937   909   912   940   938   910     1     1     1     1     0   617
   912   940   938   910   140   154   153   139     1     1     1     1     0   618
   239   225   226   240   939   967   965   937     1     1     1     1     0   619
   939   967   965   937   940   968   966   938     1     1     1     1     0   620
   940   968   966   938   154   168   167   153     1     1     1     1     0   621
   225   211   212   226   967   995   993   965     1     1     1     1     0   622
   967   995   993   965   968   996   994   966     1     1     1     1     0   623
   968   996   994   966   168   182   181   167     1     1     1     1     0   624
   211   197   198   212   995  1023  1021   993     1     1     1     1     0   625
   995  1023  1021   993   996  1024  1022   994     1     1     1     1     0   626
   996  1024  1022   994   182   196   195   181     1     1     1     1     0   627
   197   406   405   198  1023   605   606  1021     1     1     1     1     0   628
  1023   605   606  1021  1024   591   592  1022     1     1     1     1     0   629
  1024   591   592  1022   196   632   631   195     1     1     1     1     0   630
   436   422   379   407   547   528   659   549     1     1     1     1     0   631
   547   528   659   549   546   527   660   563     1     1     1     1     0   632
   546   527   660   563   548   542    14   577     1     1     1     1     0   633
   422   423   365   379   528   526   687   659     1     1     1     1     0   634
   528   526   687   659   527   525   688   660     1     1     1     1     0   635
   527   525   688   660   542   541    28    14     1     1     1     1     0   636
   423   424   351   365   526   524   715   687     1     1     1     1     0   637
   526   524   715   687   525   523   716   688     1     1     1     1     0   638
   525   523   716   688   541   540    42    28     1     1     1     1     0   639
   424   425   337   351   524   522   743   715     1     1     1     1     0   640
   524   522   743   715   523   521   744   716     1     1     1     1     0   641
   523   521   744   716   540   539    56    42     1     1     1     1     0   642
   425   426   323   337   522   520   771   743     1     1     1     1     0   643
   522   520   771   743   521   519   772   744     1     1     1     1     0   644
   521   519   772   744   539   538    70    56     1     1     1     1     0   645
   426   427   309   323   520   518   799   771     1     1     1     1     0   646
   520   518   799   771   519   517   800   772     1     1     1     1     0   647
   519   517   800   772   538   537    84    70     1     1     1     1     0   648
   427   428   295   309   518   516   827   799     1     1     1     1     0   649
   518   516   827   799   517   515   828   800     1     1     1     1     0   650
   517   515   828   800   537   536    98    84     1     1     1     1     0   651
   428   429   281   295   516   514   855   827     1     1     1     1     0   652
   516   514   855   827   515   513   856   828     1     1     1     1     0   653
   515   513   856   828   536   535   112    98     1     1     1     1     0   654
   429   430   267   281   514   512   883   855     1     1     1     1     0   655
   514   512   883   855   513   511   884   856     1     1     1     1     0   656
   513   511   884   856   535   534   126   112     1     1     1     1     0   657
   430   431   253   267   512   510   911   883     1     1     1     1     0   658
   512   510   911   883   511   509   912   884     1     1     1     1     0   659
   511   509   912   884   534   533   140   126     1     1     1     1     0   660
   431   432   239   253   510   508   939   911     1     1     1     1     0   661
   510   508   939   911   509   507   940   912     1     1     1     1     0   662
   509   507   940   912   533   532   154   140     1     1     1     1     0   663
   432   433   225   239   508   506   967   939     1     1     1     1     0   664
   508   506   967   939   507   505   968   940     1     1     1     1     0   665
   507   505   968   940   532   531   168   154     1     1     1     1     0   666
   433   434   211   225   506   504   995   967     1     1     1     1     0   667
   506   504   995   967   505   503   996   968     1     1     1     1     0   668
   505   503   996   968   531   530   182   168     1     1     1     1     0   669
   434   435   197   211   504   502  1023   995     1     1     1     1     0   670
   504   502  1023   995   503   501  1024   996     1     1     1     1     0   671
   503   501  1024   996   530   529   196   182     1     1     1     1     0   672
   435   421   406   197   502   544   605  1023     1     1     1     1     0   673
   502   544   605  1023   501   545   591  1024     1     1     1     1     0   674
   501   545   591  1024   529   543   632   196     1     1     1     1     0   675
