       1 0.3333333333333E-01 0.9000000000000E-02 0.1666666666667E-01
       2 0.3333333333333E-01 0.9000000000000E-02 0.3333333333333E-01
       3 0.3333333333333E-01 0.9000000000000E-02 0.5000000000000E-01
       4 0.3333333333333E-01 0.9000000000000E-02 0.6666666666667E-01
       5 0.3333333333333E-01 0.9000000000000E-02 0.8333333333333E-01
       6 0.3333333333333E-01 0.9000000000000E-02 0.1000000000000    
       7 0.3333333333333E-01 0.9000000000000E-02 0.1166666666667    
       8 0.3333333333333E-01 0.9000000000000E-02 0.1333333333333    
       9 0.3333333333333E-01 0.9000000000000E-02 0.1500000000000    
      10 0.3333333333333E-01 0.9000000000000E-02 0.1666666666667    
      11 0.3333333333333E-01 0.9000000000000E-02 0.1833333333333    
      12 0.3333333333333E-01 0.9000000000000E-02 0.2000000000000    
      13 0.3333333333333E-01 0.9000000000000E-02 0.2166666666667    
      14 0.3333333333333E-01 0.9000000000000E-02 0.2333333333333    
      15 0.6666666666667E-01 0.9000000000000E-02 0.1666666666667E-01
      16 0.6666666666667E-01 0.9000000000000E-02 0.3333333333333E-01
      17 0.6666666666667E-01 0.9000000000000E-02 0.5000000000000E-01
      18 0.6666666666667E-01 0.9000000000000E-02 0.6666666666667E-01
      19 0.6666666666667E-01 0.9000000000000E-02 0.8333333333333E-01
      20 0.6666666666667E-01 0.9000000000000E-02 0.1000000000000    
      21 0.6666666666667E-01 0.9000000000000E-02 0.1166666666667    
      22 0.6666666666667E-01 0.9000000000000E-02 0.1333333333333    
      23 0.6666666666667E-01 0.9000000000000E-02 0.1500000000000    
      24 0.6666666666667E-01 0.9000000000000E-02 0.1666666666667    
      25 0.6666666666667E-01 0.9000000000000E-02 0.1833333333333    
      26 0.6666666666667E-01 0.9000000000000E-02 0.2000000000000    
      27 0.6666666666667E-01 0.9000000000000E-02 0.2166666666667    
      28 0.6666666666667E-01 0.9000000000000E-02 0.2333333333333    
      29 0.1000000000000     0.9000000000000E-02 0.1666666666667E-01
      30 0.1000000000000     0.9000000000000E-02 0.3333333333333E-01
      31 0.1000000000000     0.9000000000000E-02 0.5000000000000E-01
      32 0.1000000000000     0.9000000000000E-02 0.6666666666667E-01
      33 0.1000000000000     0.9000000000000E-02 0.8333333333333E-01
      34 0.1000000000000     0.9000000000000E-02 0.1000000000000    
      35 0.1000000000000     0.9000000000000E-02 0.1166666666667    
      36 0.1000000000000     0.9000000000000E-02 0.1333333333333    
      37 0.1000000000000     0.9000000000000E-02 0.1500000000000    
      38 0.1000000000000     0.9000000000000E-02 0.1666666666667    
      39 0.1000000000000     0.9000000000000E-02 0.1833333333333    
      40 0.1000000000000     0.9000000000000E-02 0.2000000000000    
      41 0.1000000000000     0.9000000000000E-02 0.2166666666667    
      42 0.1000000000000     0.9000000000000E-02 0.2333333333333    
      43 0.1333333333333     0.9000000000000E-02 0.1666666666667E-01
      44 0.1333333333333     0.9000000000000E-02 0.3333333333333E-01
      45 0.1333333333333     0.9000000000000E-02 0.5000000000000E-01
      46 0.1333333333333     0.9000000000000E-02 0.6666666666667E-01
      47 0.1333333333333     0.9000000000000E-02 0.8333333333333E-01
      48 0.1333333333333     0.9000000000000E-02 0.1000000000000    
      49 0.1333333333333     0.9000000000000E-02 0.1166666666667    
      50 0.1333333333333     0.9000000000000E-02 0.1333333333333    
      51 0.1333333333333     0.9000000000000E-02 0.1500000000000    
      52 0.1333333333333     0.9000000000000E-02 0.1666666666667    
      53 0.1333333333333     0.9000000000000E-02 0.1833333333333    
      54 0.1333333333333     0.9000000000000E-02 0.2000000000000    
      55 0.1333333333333     0.9000000000000E-02 0.2166666666667    
      56 0.1333333333333     0.9000000000000E-02 0.2333333333333    
      57 0.1666666666667     0.9000000000000E-02 0.1666666666667E-01
      58 0.1666666666667     0.9000000000000E-02 0.3333333333333E-01
      59 0.1666666666667     0.9000000000000E-02 0.5000000000000E-01
      60 0.1666666666667     0.9000000000000E-02 0.6666666666667E-01
      61 0.1666666666667     0.9000000000000E-02 0.8333333333333E-01
      62 0.1666666666667     0.9000000000000E-02 0.1000000000000    
      63 0.1666666666667     0.9000000000000E-02 0.1166666666667    
      64 0.1666666666667     0.9000000000000E-02 0.1333333333333    
      65 0.1666666666667     0.9000000000000E-02 0.1500000000000    
      66 0.1666666666667     0.9000000000000E-02 0.1666666666667    
      67 0.1666666666667     0.9000000000000E-02 0.1833333333333    
      68 0.1666666666667     0.9000000000000E-02 0.2000000000000    
      69 0.1666666666667     0.9000000000000E-02 0.2166666666667    
      70 0.1666666666667     0.9000000000000E-02 0.2333333333333    
      71 0.2000000000000     0.9000000000000E-02 0.1666666666667E-01
      72 0.2000000000000     0.9000000000000E-02 0.3333333333333E-01
      73 0.2000000000000     0.9000000000000E-02 0.5000000000000E-01
      74 0.2000000000000     0.9000000000000E-02 0.6666666666667E-01
      75 0.2000000000000     0.9000000000000E-02 0.8333333333333E-01
      76 0.2000000000000     0.9000000000000E-02 0.1000000000000    
      77 0.2000000000000     0.9000000000000E-02 0.1166666666667    
      78 0.2000000000000     0.9000000000000E-02 0.1333333333333    
      79 0.2000000000000     0.9000000000000E-02 0.1500000000000    
      80 0.2000000000000     0.9000000000000E-02 0.1666666666667    
      81 0.2000000000000     0.9000000000000E-02 0.1833333333333    
      82 0.2000000000000     0.9000000000000E-02 0.2000000000000    
      83 0.2000000000000     0.9000000000000E-02 0.2166666666667    
      84 0.2000000000000     0.9000000000000E-02 0.2333333333333    
      85 0.2333333333333     0.9000000000000E-02 0.1666666666667E-01
      86 0.2333333333333     0.9000000000000E-02 0.3333333333333E-01
      87 0.2333333333333     0.9000000000000E-02 0.5000000000000E-01
      88 0.2333333333333     0.9000000000000E-02 0.6666666666667E-01
      89 0.2333333333333     0.9000000000000E-02 0.8333333333333E-01
      90 0.2333333333333     0.9000000000000E-02 0.1000000000000    
      91 0.2333333333333     0.9000000000000E-02 0.1166666666667    
      92 0.2333333333333     0.9000000000000E-02 0.1333333333333    
      93 0.2333333333333     0.9000000000000E-02 0.1500000000000    
      94 0.2333333333333     0.9000000000000E-02 0.1666666666667    
      95 0.2333333333333     0.9000000000000E-02 0.1833333333333    
      96 0.2333333333333     0.9000000000000E-02 0.2000000000000    
      97 0.2333333333333     0.9000000000000E-02 0.2166666666667    
      98 0.2333333333333     0.9000000000000E-02 0.2333333333333    
      99 0.2666666666667     0.9000000000000E-02 0.1666666666667E-01
     100 0.2666666666667     0.9000000000000E-02 0.3333333333333E-01
     101 0.2666666666667     0.9000000000000E-02 0.5000000000000E-01
     102 0.2666666666667     0.9000000000000E-02 0.6666666666667E-01
     103 0.2666666666667     0.9000000000000E-02 0.8333333333333E-01
     104 0.2666666666667     0.9000000000000E-02 0.1000000000000    
     105 0.2666666666667     0.9000000000000E-02 0.1166666666667    
     106 0.2666666666667     0.9000000000000E-02 0.1333333333333    
     107 0.2666666666667     0.9000000000000E-02 0.1500000000000    
     108 0.2666666666667     0.9000000000000E-02 0.1666666666667    
     109 0.2666666666667     0.9000000000000E-02 0.1833333333333    
     110 0.2666666666667     0.9000000000000E-02 0.2000000000000    
     111 0.2666666666667     0.9000000000000E-02 0.2166666666667    
     112 0.2666666666667     0.9000000000000E-02 0.2333333333333    
     113 0.3000000000000     0.9000000000000E-02 0.1666666666667E-01
     114 0.3000000000000     0.9000000000000E-02 0.3333333333333E-01
     115 0.3000000000000     0.9000000000000E-02 0.5000000000000E-01
     116 0.3000000000000     0.9000000000000E-02 0.6666666666667E-01
     117 0.3000000000000     0.9000000000000E-02 0.8333333333333E-01
     118 0.3000000000000     0.9000000000000E-02 0.1000000000000    
     119 0.3000000000000     0.9000000000000E-02 0.1166666666667    
     120 0.3000000000000     0.9000000000000E-02 0.1333333333333    
     121 0.3000000000000     0.9000000000000E-02 0.1500000000000    
     122 0.3000000000000     0.9000000000000E-02 0.1666666666667    
     123 0.3000000000000     0.9000000000000E-02 0.1833333333333    
     124 0.3000000000000     0.9000000000000E-02 0.2000000000000    
     125 0.3000000000000     0.9000000000000E-02 0.2166666666667    
     126 0.3000000000000     0.9000000000000E-02 0.2333333333333    
     127 0.3333333333333     0.9000000000000E-02 0.1666666666667E-01
     128 0.3333333333333     0.9000000000000E-02 0.3333333333333E-01
     129 0.3333333333333     0.9000000000000E-02 0.5000000000000E-01
     130 0.3333333333333     0.9000000000000E-02 0.6666666666667E-01
     131 0.3333333333333     0.9000000000000E-02 0.8333333333333E-01
     132 0.3333333333333     0.9000000000000E-02 0.1000000000000    
     133 0.3333333333333     0.9000000000000E-02 0.1166666666667    
     134 0.3333333333333     0.9000000000000E-02 0.1333333333333    
     135 0.3333333333333     0.9000000000000E-02 0.1500000000000    
     136 0.3333333333333     0.9000000000000E-02 0.1666666666667    
     137 0.3333333333333     0.9000000000000E-02 0.1833333333333    
     138 0.3333333333333     0.9000000000000E-02 0.2000000000000    
     139 0.3333333333333     0.9000000000000E-02 0.2166666666667    
     140 0.3333333333333     0.9000000000000E-02 0.2333333333333    
     141 0.3666666666667     0.9000000000000E-02 0.1666666666667E-01
     142 0.3666666666667     0.9000000000000E-02 0.3333333333333E-01
     143 0.3666666666667     0.9000000000000E-02 0.5000000000000E-01
     144 0.3666666666667     0.9000000000000E-02 0.6666666666667E-01
     145 0.3666666666667     0.9000000000000E-02 0.8333333333333E-01
     146 0.3666666666667     0.9000000000000E-02 0.1000000000000    
     147 0.3666666666667     0.9000000000000E-02 0.1166666666667    
     148 0.3666666666667     0.9000000000000E-02 0.1333333333333    
     149 0.3666666666667     0.9000000000000E-02 0.1500000000000    
     150 0.3666666666667     0.9000000000000E-02 0.1666666666667    
     151 0.3666666666667     0.9000000000000E-02 0.1833333333333    
     152 0.3666666666667     0.9000000000000E-02 0.2000000000000    
     153 0.3666666666667     0.9000000000000E-02 0.2166666666667    
     154 0.3666666666667     0.9000000000000E-02 0.2333333333333    
     155 0.4000000000000     0.9000000000000E-02 0.1666666666667E-01
     156 0.4000000000000     0.9000000000000E-02 0.3333333333333E-01
     157 0.4000000000000     0.9000000000000E-02 0.5000000000000E-01
     158 0.4000000000000     0.9000000000000E-02 0.6666666666667E-01
     159 0.4000000000000     0.9000000000000E-02 0.8333333333333E-01
     160 0.4000000000000     0.9000000000000E-02 0.1000000000000    
     161 0.4000000000000     0.9000000000000E-02 0.1166666666667    
     162 0.4000000000000     0.9000000000000E-02 0.1333333333333    
     163 0.4000000000000     0.9000000000000E-02 0.1500000000000    
     164 0.4000000000000     0.9000000000000E-02 0.1666666666667    
     165 0.4000000000000     0.9000000000000E-02 0.1833333333333    
     166 0.4000000000000     0.9000000000000E-02 0.2000000000000    
     167 0.4000000000000     0.9000000000000E-02 0.2166666666667    
     168 0.4000000000000     0.9000000000000E-02 0.2333333333333    
     169 0.4333333333333     0.9000000000000E-02 0.1666666666667E-01
     170 0.4333333333333     0.9000000000000E-02 0.3333333333333E-01
     171 0.4333333333333     0.9000000000000E-02 0.5000000000000E-01
     172 0.4333333333333     0.9000000000000E-02 0.6666666666667E-01
     173 0.4333333333333     0.9000000000000E-02 0.8333333333333E-01
     174 0.4333333333333     0.9000000000000E-02 0.1000000000000    
     175 0.4333333333333     0.9000000000000E-02 0.1166666666667    
     176 0.4333333333333     0.9000000000000E-02 0.1333333333333    
     177 0.4333333333333     0.9000000000000E-02 0.1500000000000    
     178 0.4333333333333     0.9000000000000E-02 0.1666666666667    
     179 0.4333333333333     0.9000000000000E-02 0.1833333333333    
     180 0.4333333333333     0.9000000000000E-02 0.2000000000000    
     181 0.4333333333333     0.9000000000000E-02 0.2166666666667    
     182 0.4333333333333     0.9000000000000E-02 0.2333333333333    
     183 0.4666666666667     0.9000000000000E-02 0.1666666666667E-01
     184 0.4666666666667     0.9000000000000E-02 0.3333333333333E-01
     185 0.4666666666667     0.9000000000000E-02 0.5000000000000E-01
     186 0.4666666666667     0.9000000000000E-02 0.6666666666667E-01
     187 0.4666666666667     0.9000000000000E-02 0.8333333333333E-01
     188 0.4666666666667     0.9000000000000E-02 0.1000000000000    
     189 0.4666666666667     0.9000000000000E-02 0.1166666666667    
     190 0.4666666666667     0.9000000000000E-02 0.1333333333333    
     191 0.4666666666667     0.9000000000000E-02 0.1500000000000    
     192 0.4666666666667     0.9000000000000E-02 0.1666666666667    
     193 0.4666666666667     0.9000000000000E-02 0.1833333333333    
     194 0.4666666666667     0.9000000000000E-02 0.2000000000000    
     195 0.4666666666667     0.9000000000000E-02 0.2166666666667    
     196 0.4666666666667     0.9000000000000E-02 0.2333333333333    
     197 0.4666666666667      0.000000000000     0.2333333333333    
     198 0.4666666666667      0.000000000000     0.2166666666667    
     199 0.4666666666667      0.000000000000     0.2000000000000    
     200 0.4666666666667      0.000000000000     0.1833333333333    
     201 0.4666666666667      0.000000000000     0.1666666666667    
     202 0.4666666666667      0.000000000000     0.1500000000000    
     203 0.4666666666667      0.000000000000     0.1333333333333    
     204 0.4666666666667      0.000000000000     0.1166666666667    
     205 0.4666666666667      0.000000000000     0.1000000000000    
     206 0.4666666666667      0.000000000000     0.8333333333333E-01
     207 0.4666666666667      0.000000000000     0.6666666666667E-01
     208 0.4666666666667      0.000000000000     0.5000000000000E-01
     209 0.4666666666667      0.000000000000     0.3333333333333E-01
     210 0.4666666666667      0.000000000000     0.1666666666667E-01
     211 0.4333333333333      0.000000000000     0.2333333333333    
     212 0.4333333333333      0.000000000000     0.2166666666667    
     213 0.4333333333333      0.000000000000     0.2000000000000    
     214 0.4333333333333      0.000000000000     0.1833333333333    
     215 0.4333333333333      0.000000000000     0.1666666666667    
     216 0.4333333333333      0.000000000000     0.1500000000000    
     217 0.4333333333333      0.000000000000     0.1333333333333    
     218 0.4333333333333      0.000000000000     0.1166666666667    
     219 0.4333333333333      0.000000000000     0.1000000000000    
     220 0.4333333333333      0.000000000000     0.8333333333333E-01
     221 0.4333333333333      0.000000000000     0.6666666666667E-01
     222 0.4333333333333      0.000000000000     0.5000000000000E-01
     223 0.4333333333333      0.000000000000     0.3333333333333E-01
     224 0.4333333333333      0.000000000000     0.1666666666667E-01
     225 0.4000000000000      0.000000000000     0.2333333333333    
     226 0.4000000000000      0.000000000000     0.2166666666667    
     227 0.4000000000000      0.000000000000     0.2000000000000    
     228 0.4000000000000      0.000000000000     0.1833333333333    
     229 0.4000000000000      0.000000000000     0.1666666666667    
     230 0.4000000000000      0.000000000000     0.1500000000000    
     231 0.4000000000000      0.000000000000     0.1333333333333    
     232 0.4000000000000      0.000000000000     0.1166666666667    
     233 0.4000000000000      0.000000000000     0.1000000000000    
     234 0.4000000000000      0.000000000000     0.8333333333333E-01
     235 0.4000000000000      0.000000000000     0.6666666666667E-01
     236 0.4000000000000      0.000000000000     0.5000000000000E-01
     237 0.4000000000000      0.000000000000     0.3333333333333E-01
     238 0.4000000000000      0.000000000000     0.1666666666667E-01
     239 0.3666666666667      0.000000000000     0.2333333333333    
     240 0.3666666666667      0.000000000000     0.2166666666667    
     241 0.3666666666667      0.000000000000     0.2000000000000    
     242 0.3666666666667      0.000000000000     0.1833333333333    
     243 0.3666666666667      0.000000000000     0.1666666666667    
     244 0.3666666666667      0.000000000000     0.1500000000000    
     245 0.3666666666667      0.000000000000     0.1333333333333    
     246 0.3666666666667      0.000000000000     0.1166666666667    
     247 0.3666666666667      0.000000000000     0.1000000000000    
     248 0.3666666666667      0.000000000000     0.8333333333333E-01
     249 0.3666666666667      0.000000000000     0.6666666666667E-01
     250 0.3666666666667      0.000000000000     0.5000000000000E-01
     251 0.3666666666667      0.000000000000     0.3333333333333E-01
     252 0.3666666666667      0.000000000000     0.1666666666667E-01
     253 0.3333333333333      0.000000000000     0.2333333333333    
     254 0.3333333333333      0.000000000000     0.2166666666667    
     255 0.3333333333333      0.000000000000     0.2000000000000    
     256 0.3333333333333      0.000000000000     0.1833333333333    
     257 0.3333333333333      0.000000000000     0.1666666666667    
     258 0.3333333333333      0.000000000000     0.1500000000000    
     259 0.3333333333333      0.000000000000     0.1333333333333    
     260 0.3333333333333      0.000000000000     0.1166666666667    
     261 0.3333333333333      0.000000000000     0.1000000000000    
     262 0.3333333333333      0.000000000000     0.8333333333333E-01
     263 0.3333333333333      0.000000000000     0.6666666666667E-01
     264 0.3333333333333      0.000000000000     0.5000000000000E-01
     265 0.3333333333333      0.000000000000     0.3333333333333E-01
     266 0.3333333333333      0.000000000000     0.1666666666667E-01
     267 0.3000000000000      0.000000000000     0.2333333333333    
     268 0.3000000000000      0.000000000000     0.2166666666667    
     269 0.3000000000000      0.000000000000     0.2000000000000    
     270 0.3000000000000      0.000000000000     0.1833333333333    
     271 0.3000000000000      0.000000000000     0.1666666666667    
     272 0.3000000000000      0.000000000000     0.1500000000000    
     273 0.3000000000000      0.000000000000     0.1333333333333    
     274 0.3000000000000      0.000000000000     0.1166666666667    
     275 0.3000000000000      0.000000000000     0.1000000000000    
     276 0.3000000000000      0.000000000000     0.8333333333333E-01
     277 0.3000000000000      0.000000000000     0.6666666666667E-01
     278 0.3000000000000      0.000000000000     0.5000000000000E-01
     279 0.3000000000000      0.000000000000     0.3333333333333E-01
     280 0.3000000000000      0.000000000000     0.1666666666667E-01
     281 0.2666666666667      0.000000000000     0.2333333333333    
     282 0.2666666666667      0.000000000000     0.2166666666667    
     283 0.2666666666667      0.000000000000     0.2000000000000    
     284 0.2666666666667      0.000000000000     0.1833333333333    
     285 0.2666666666667      0.000000000000     0.1666666666667    
     286 0.2666666666667      0.000000000000     0.1500000000000    
     287 0.2666666666667      0.000000000000     0.1333333333333    
     288 0.2666666666667      0.000000000000     0.1166666666667    
     289 0.2666666666667      0.000000000000     0.1000000000000    
     290 0.2666666666667      0.000000000000     0.8333333333333E-01
     291 0.2666666666667      0.000000000000     0.6666666666667E-01
     292 0.2666666666667      0.000000000000     0.5000000000000E-01
     293 0.2666666666667      0.000000000000     0.3333333333333E-01
     294 0.2666666666667      0.000000000000     0.1666666666667E-01
     295 0.2333333333333      0.000000000000     0.2333333333333    
     296 0.2333333333333      0.000000000000     0.2166666666667    
     297 0.2333333333333      0.000000000000     0.2000000000000    
     298 0.2333333333333      0.000000000000     0.1833333333333    
     299 0.2333333333333      0.000000000000     0.1666666666667    
     300 0.2333333333333      0.000000000000     0.1500000000000    
     301 0.2333333333333      0.000000000000     0.1333333333333    
     302 0.2333333333333      0.000000000000     0.1166666666667    
     303 0.2333333333333      0.000000000000     0.1000000000000    
     304 0.2333333333333      0.000000000000     0.8333333333333E-01
     305 0.2333333333333      0.000000000000     0.6666666666667E-01
     306 0.2333333333333      0.000000000000     0.5000000000000E-01
     307 0.2333333333333      0.000000000000     0.3333333333333E-01
     308 0.2333333333333      0.000000000000     0.1666666666667E-01
     309 0.2000000000000      0.000000000000     0.2333333333333    
     310 0.2000000000000      0.000000000000     0.2166666666667    
     311 0.2000000000000      0.000000000000     0.2000000000000    
     312 0.2000000000000      0.000000000000     0.1833333333333    
     313 0.2000000000000      0.000000000000     0.1666666666667    
     314 0.2000000000000      0.000000000000     0.1500000000000    
     315 0.2000000000000      0.000000000000     0.1333333333333    
     316 0.2000000000000      0.000000000000     0.1166666666667    
     317 0.2000000000000      0.000000000000     0.1000000000000    
     318 0.2000000000000      0.000000000000     0.8333333333333E-01
     319 0.2000000000000      0.000000000000     0.6666666666667E-01
     320 0.2000000000000      0.000000000000     0.5000000000000E-01
     321 0.2000000000000      0.000000000000     0.3333333333333E-01
     322 0.2000000000000      0.000000000000     0.1666666666667E-01
     323 0.1666666666667      0.000000000000     0.2333333333333    
     324 0.1666666666667      0.000000000000     0.2166666666667    
     325 0.1666666666667      0.000000000000     0.2000000000000    
     326 0.1666666666667      0.000000000000     0.1833333333333    
     327 0.1666666666667      0.000000000000     0.1666666666667    
     328 0.1666666666667      0.000000000000     0.1500000000000    
     329 0.1666666666667      0.000000000000     0.1333333333333    
     330 0.1666666666667      0.000000000000     0.1166666666667    
     331 0.1666666666667      0.000000000000     0.1000000000000    
     332 0.1666666666667      0.000000000000     0.8333333333333E-01
     333 0.1666666666667      0.000000000000     0.6666666666667E-01
     334 0.1666666666667      0.000000000000     0.5000000000000E-01
     335 0.1666666666667      0.000000000000     0.3333333333333E-01
     336 0.1666666666667      0.000000000000     0.1666666666667E-01
     337 0.1333333333333      0.000000000000     0.2333333333333    
     338 0.1333333333333      0.000000000000     0.2166666666667    
     339 0.1333333333333      0.000000000000     0.2000000000000    
     340 0.1333333333333      0.000000000000     0.1833333333333    
     341 0.1333333333333      0.000000000000     0.1666666666667    
     342 0.1333333333333      0.000000000000     0.1500000000000    
     343 0.1333333333333      0.000000000000     0.1333333333333    
     344 0.1333333333333      0.000000000000     0.1166666666667    
     345 0.1333333333333      0.000000000000     0.1000000000000    
     346 0.1333333333333      0.000000000000     0.8333333333333E-01
     347 0.1333333333333      0.000000000000     0.6666666666667E-01
     348 0.1333333333333      0.000000000000     0.5000000000000E-01
     349 0.1333333333333      0.000000000000     0.3333333333333E-01
     350 0.1333333333333      0.000000000000     0.1666666666667E-01
     351 0.1000000000000      0.000000000000     0.2333333333333    
     352 0.1000000000000      0.000000000000     0.2166666666667    
     353 0.1000000000000      0.000000000000     0.2000000000000    
     354 0.1000000000000      0.000000000000     0.1833333333333    
     355 0.1000000000000      0.000000000000     0.1666666666667    
     356 0.1000000000000      0.000000000000     0.1500000000000    
     357 0.1000000000000      0.000000000000     0.1333333333333    
     358 0.1000000000000      0.000000000000     0.1166666666667    
     359 0.1000000000000      0.000000000000     0.1000000000000    
     360 0.1000000000000      0.000000000000     0.8333333333333E-01
     361 0.1000000000000      0.000000000000     0.6666666666667E-01
     362 0.1000000000000      0.000000000000     0.5000000000000E-01
     363 0.1000000000000      0.000000000000     0.3333333333333E-01
     364 0.1000000000000      0.000000000000     0.1666666666667E-01
     365 0.6666666666667E-01  0.000000000000     0.2333333333333    
     366 0.6666666666667E-01  0.000000000000     0.2166666666667    
     367 0.6666666666667E-01  0.000000000000     0.2000000000000    
     368 0.6666666666667E-01  0.000000000000     0.1833333333333    
     369 0.6666666666667E-01  0.000000000000     0.1666666666667    
     370 0.6666666666667E-01  0.000000000000     0.1500000000000    
     371 0.6666666666667E-01  0.000000000000     0.1333333333333    
     372 0.6666666666667E-01  0.000000000000     0.1166666666667    
     373 0.6666666666667E-01  0.000000000000     0.1000000000000    
     374 0.6666666666667E-01  0.000000000000     0.8333333333333E-01
     375 0.6666666666667E-01  0.000000000000     0.6666666666667E-01
     376 0.6666666666667E-01  0.000000000000     0.5000000000000E-01
     377 0.6666666666667E-01  0.000000000000     0.3333333333333E-01
     378 0.6666666666667E-01  0.000000000000     0.1666666666667E-01
     379 0.3333333333333E-01  0.000000000000     0.2333333333333    
     380 0.3333333333333E-01  0.000000000000     0.2166666666667    
     381 0.3333333333333E-01  0.000000000000     0.2000000000000    
     382 0.3333333333333E-01  0.000000000000     0.1833333333333    
     383 0.3333333333333E-01  0.000000000000     0.1666666666667    
     384 0.3333333333333E-01  0.000000000000     0.1500000000000    
     385 0.3333333333333E-01  0.000000000000     0.1333333333333    
     386 0.3333333333333E-01  0.000000000000     0.1166666666667    
     387 0.3333333333333E-01  0.000000000000     0.1000000000000    
     388 0.3333333333333E-01  0.000000000000     0.8333333333333E-01
     389 0.3333333333333E-01  0.000000000000     0.6666666666667E-01
     390 0.3333333333333E-01  0.000000000000     0.5000000000000E-01
     391 0.3333333333333E-01  0.000000000000     0.3333333333333E-01
     392 0.3333333333333E-01  0.000000000000     0.1666666666667E-01
     393 0.5000000000000      0.000000000000     0.1666666666667E-01
     394 0.5000000000000      0.000000000000     0.3333333333333E-01
     395 0.5000000000000      0.000000000000     0.5000000000000E-01
     396 0.5000000000000      0.000000000000     0.6666666666667E-01
     397 0.5000000000000      0.000000000000     0.8333333333333E-01
     398 0.5000000000000      0.000000000000     0.1000000000000    
     399 0.5000000000000      0.000000000000     0.1166666666667    
     400 0.5000000000000      0.000000000000     0.1333333333333    
     401 0.5000000000000      0.000000000000     0.1500000000000    
     402 0.5000000000000      0.000000000000     0.1666666666667    
     403 0.5000000000000      0.000000000000     0.1833333333333    
     404 0.5000000000000      0.000000000000     0.2000000000000    
     405 0.5000000000000      0.000000000000     0.2166666666667    
     406 0.5000000000000      0.000000000000     0.2333333333333    
     407  0.000000000000      0.000000000000     0.2333333333333    
     408  0.000000000000      0.000000000000     0.2166666666667    
     409  0.000000000000      0.000000000000     0.2000000000000    
     410  0.000000000000      0.000000000000     0.1833333333333    
     411  0.000000000000      0.000000000000     0.1666666666667    
     412  0.000000000000      0.000000000000     0.1500000000000    
     413  0.000000000000      0.000000000000     0.1333333333333    
     414  0.000000000000      0.000000000000     0.1166666666667    
     415  0.000000000000      0.000000000000     0.1000000000000    
     416  0.000000000000      0.000000000000     0.8333333333333E-01
     417  0.000000000000      0.000000000000     0.6666666666667E-01
     418  0.000000000000      0.000000000000     0.5000000000000E-01
     419  0.000000000000      0.000000000000     0.3333333333333E-01
     420  0.000000000000      0.000000000000     0.1666666666667E-01
     421 0.5000000000000      0.000000000000     0.2500000000000    
     422 0.3333333333333E-01  0.000000000000     0.2500000000000    
     423 0.6666666666667E-01  0.000000000000     0.2500000000000    
     424 0.1000000000000      0.000000000000     0.2500000000000    
     425 0.1333333333333      0.000000000000     0.2500000000000    
     426 0.1666666666667      0.000000000000     0.2500000000000    
     427 0.2000000000000      0.000000000000     0.2500000000000    
     428 0.2333333333333      0.000000000000     0.2500000000000    
     429 0.2666666666667      0.000000000000     0.2500000000000    
     430 0.3000000000000      0.000000000000     0.2500000000000    
     431 0.3333333333333      0.000000000000     0.2500000000000    
     432 0.3666666666667      0.000000000000     0.2500000000000    
     433 0.4000000000000      0.000000000000     0.2500000000000    
     434 0.4333333333333      0.000000000000     0.2500000000000    
     435 0.4666666666667      0.000000000000     0.2500000000000    
     436  0.000000000000      0.000000000000     0.2500000000000    
     437 0.5000000000000    
     438 0.3333333333333E-01
     439 0.6666666666667E-01
     440 0.1000000000000    
     441 0.1333333333333    
     442 0.1666666666667    
     443 0.2000000000000    
     444 0.2333333333333    
     445 0.2666666666667    
     446 0.3000000000000    
     447 0.3333333333333    
     448 0.3666666666667    
     449 0.4000000000000    
     450 0.4333333333333    
     451 0.4666666666667    
     452
     453 0.4666666666667     0.6000000000000E-02
     454 0.4333333333333     0.6000000000000E-02
     455 0.4000000000000     0.6000000000000E-02
     456 0.3666666666667     0.6000000000000E-02
     457 0.3333333333333     0.6000000000000E-02
     458 0.3000000000000     0.6000000000000E-02
     459 0.2666666666667     0.6000000000000E-02
     460 0.2333333333333     0.6000000000000E-02
     461 0.2000000000000     0.6000000000000E-02
     462 0.1666666666667     0.6000000000000E-02
     463 0.1333333333333     0.6000000000000E-02
     464 0.1000000000000     0.6000000000000E-02
     465 0.6666666666667E-01 0.6000000000000E-02
     466 0.3333333333333E-01 0.6000000000000E-02
     467 0.4666666666667     0.3000000000000E-02
     468 0.4333333333333     0.3000000000000E-02
     469 0.4000000000000     0.3000000000000E-02
     470 0.3666666666667     0.3000000000000E-02
     471 0.3333333333333     0.3000000000000E-02
     472 0.3000000000000     0.3000000000000E-02
     473 0.2666666666667     0.3000000000000E-02
     474 0.2333333333333     0.3000000000000E-02
     475 0.2000000000000     0.3000000000000E-02
     476 0.1666666666667     0.3000000000000E-02
     477 0.1333333333333     0.3000000000000E-02
     478 0.1000000000000     0.3000000000000E-02
     479 0.6666666666667E-01 0.3000000000000E-02
     480 0.3333333333333E-01 0.3000000000000E-02
     481 0.4666666666667     0.9000000000000E-02
     482 0.4333333333333     0.9000000000000E-02
     483 0.4000000000000     0.9000000000000E-02
     484 0.3666666666667     0.9000000000000E-02
     485 0.3333333333333     0.9000000000000E-02
     486 0.3000000000000     0.9000000000000E-02
     487 0.2666666666667     0.9000000000000E-02
     488 0.2333333333333     0.9000000000000E-02
     489 0.2000000000000     0.9000000000000E-02
     490 0.1666666666667     0.9000000000000E-02
     491 0.1333333333333     0.9000000000000E-02
     492 0.1000000000000     0.9000000000000E-02
     493 0.6666666666667E-01 0.9000000000000E-02
     494 0.3333333333333E-01 0.9000000000000E-02
     495 0.5000000000000     0.9000000000000E-02
     496 0.5000000000000     0.3000000000000E-02
     497 0.5000000000000     0.6000000000000E-02
     498  0.000000000000     0.6000000000000E-02
     499  0.000000000000     0.3000000000000E-02
     500  0.000000000000     0.9000000000000E-02
     501 0.4666666666667     0.6000000000000E-02 0.2500000000000    
     502 0.4666666666667     0.3000000000000E-02 0.2500000000000    
     503 0.4333333333333     0.6000000000000E-02 0.2500000000000    
     504 0.4333333333333     0.3000000000000E-02 0.2500000000000    
     505 0.4000000000000     0.6000000000000E-02 0.2500000000000    
     506 0.4000000000000     0.3000000000000E-02 0.2500000000000    
     507 0.3666666666667     0.6000000000000E-02 0.2500000000000    
     508 0.3666666666667     0.3000000000000E-02 0.2500000000000    
     509 0.3333333333333     0.6000000000000E-02 0.2500000000000    
     510 0.3333333333333     0.3000000000000E-02 0.2500000000000    
     511 0.3000000000000     0.6000000000000E-02 0.2500000000000    
     512 0.3000000000000     0.3000000000000E-02 0.2500000000000    
     513 0.2666666666667     0.6000000000000E-02 0.2500000000000    
     514 0.2666666666667     0.3000000000000E-02 0.2500000000000    
     515 0.2333333333333     0.6000000000000E-02 0.2500000000000    
     516 0.2333333333333     0.3000000000000E-02 0.2500000000000    
     517 0.2000000000000     0.6000000000000E-02 0.2500000000000    
     518 0.2000000000000     0.3000000000000E-02 0.2500000000000    
     519 0.1666666666667     0.6000000000000E-02 0.2500000000000    
     520 0.1666666666667     0.3000000000000E-02 0.2500000000000    
     521 0.1333333333333     0.6000000000000E-02 0.2500000000000    
     522 0.1333333333333     0.3000000000000E-02 0.2500000000000    
     523 0.1000000000000     0.6000000000000E-02 0.2500000000000    
     524 0.1000000000000     0.3000000000000E-02 0.2500000000000    
     525 0.6666666666667E-01 0.6000000000000E-02 0.2500000000000    
     526 0.6666666666667E-01 0.3000000000000E-02 0.2500000000000    
     527 0.3333333333333E-01 0.6000000000000E-02 0.2500000000000    
     528 0.3333333333333E-01 0.3000000000000E-02 0.2500000000000    
     529 0.4666666666667     0.9000000000000E-02 0.2500000000000    
     530 0.4333333333333     0.9000000000000E-02 0.2500000000000    
     531 0.4000000000000     0.9000000000000E-02 0.2500000000000    
     532 0.3666666666667     0.9000000000000E-02 0.2500000000000    
     533 0.3333333333333     0.9000000000000E-02 0.2500000000000    
     534 0.3000000000000     0.9000000000000E-02 0.2500000000000    
     535 0.2666666666667     0.9000000000000E-02 0.2500000000000    
     536 0.2333333333333     0.9000000000000E-02 0.2500000000000    
     537 0.2000000000000     0.9000000000000E-02 0.2500000000000    
     538 0.1666666666667     0.9000000000000E-02 0.2500000000000    
     539 0.1333333333333     0.9000000000000E-02 0.2500000000000    
     540 0.1000000000000     0.9000000000000E-02 0.2500000000000    
     541 0.6666666666667E-01 0.9000000000000E-02 0.2500000000000    
     542 0.3333333333333E-01 0.9000000000000E-02 0.2500000000000    
     543 0.5000000000000     0.9000000000000E-02 0.2500000000000    
     544 0.5000000000000     0.3000000000000E-02 0.2500000000000    
     545 0.5000000000000     0.6000000000000E-02 0.2500000000000    
     546  0.000000000000     0.6000000000000E-02 0.2500000000000    
     547  0.000000000000     0.3000000000000E-02 0.2500000000000    
     548  0.000000000000     0.9000000000000E-02 0.2500000000000    
     549  0.000000000000     0.3000000000000E-02 0.2333333333333    
     550  0.000000000000     0.3000000000000E-02 0.2166666666667    
     551  0.000000000000     0.3000000000000E-02 0.2000000000000    
     552  0.000000000000     0.3000000000000E-02 0.1833333333333    
     553  0.000000000000     0.3000000000000E-02 0.1666666666667    
     554  0.000000000000     0.3000000000000E-02 0.1500000000000    
     555  0.000000000000     0.3000000000000E-02 0.1333333333333    
     556  0.000000000000     0.3000000000000E-02 0.1166666666667    
     557  0.000000000000     0.3000000000000E-02 0.1000000000000    
     558  0.000000000000     0.3000000000000E-02 0.8333333333333E-01
     559  0.000000000000     0.3000000000000E-02 0.6666666666667E-01
     560  0.000000000000     0.3000000000000E-02 0.5000000000000E-01
     561  0.000000000000     0.3000000000000E-02 0.3333333333333E-01
     562  0.000000000000     0.3000000000000E-02 0.1666666666667E-01
     563  0.000000000000     0.6000000000000E-02 0.2333333333333    
     564  0.000000000000     0.6000000000000E-02 0.2166666666667    
     565  0.000000000000     0.6000000000000E-02 0.2000000000000    
     566  0.000000000000     0.6000000000000E-02 0.1833333333333    
     567  0.000000000000     0.6000000000000E-02 0.1666666666667    
     568  0.000000000000     0.6000000000000E-02 0.1500000000000    
     569  0.000000000000     0.6000000000000E-02 0.1333333333333    
     570  0.000000000000     0.6000000000000E-02 0.1166666666667    
     571  0.000000000000     0.6000000000000E-02 0.1000000000000    
     572  0.000000000000     0.6000000000000E-02 0.8333333333333E-01
     573  0.000000000000     0.6000000000000E-02 0.6666666666667E-01
     574  0.000000000000     0.6000000000000E-02 0.5000000000000E-01
     575  0.000000000000     0.6000000000000E-02 0.3333333333333E-01
     576  0.000000000000     0.6000000000000E-02 0.1666666666667E-01
     577  0.000000000000     0.9000000000000E-02 0.2333333333333    
     578  0.000000000000     0.9000000000000E-02 0.2166666666667    
     579  0.000000000000     0.9000000000000E-02 0.2000000000000    
     580  0.000000000000     0.9000000000000E-02 0.1833333333333    
     581  0.000000000000     0.9000000000000E-02 0.1666666666667    
     582  0.000000000000     0.9000000000000E-02 0.1500000000000    
     583  0.000000000000     0.9000000000000E-02 0.1333333333333    
     584  0.000000000000     0.9000000000000E-02 0.1166666666667    
     585  0.000000000000     0.9000000000000E-02 0.1000000000000    
     586  0.000000000000     0.9000000000000E-02 0.8333333333333E-01
     587  0.000000000000     0.9000000000000E-02 0.6666666666667E-01
     588  0.000000000000     0.9000000000000E-02 0.5000000000000E-01
     589  0.000000000000     0.9000000000000E-02 0.3333333333333E-01
     590  0.000000000000     0.9000000000000E-02 0.1666666666667E-01
     591 0.5000000000000     0.6000000000000E-02 0.2333333333333    
     592 0.5000000000000     0.6000000000000E-02 0.2166666666667    
     593 0.5000000000000     0.6000000000000E-02 0.2000000000000    
     594 0.5000000000000     0.6000000000000E-02 0.1833333333333    
     595 0.5000000000000     0.6000000000000E-02 0.1666666666667    
     596 0.5000000000000     0.6000000000000E-02 0.1500000000000    
     597 0.5000000000000     0.6000000000000E-02 0.1333333333333    
     598 0.5000000000000     0.6000000000000E-02 0.1166666666667    
     599 0.5000000000000     0.6000000000000E-02 0.1000000000000    
     600 0.5000000000000     0.6000000000000E-02 0.8333333333333E-01
     601 0.5000000000000     0.6000000000000E-02 0.6666666666667E-01
     602 0.5000000000000     0.6000000000000E-02 0.5000000000000E-01
     603 0.5000000000000     0.6000000000000E-02 0.3333333333333E-01
     604 0.5000000000000     0.6000000000000E-02 0.1666666666667E-01
     605 0.5000000000000     0.3000000000000E-02 0.2333333333333    
     606 0.5000000000000     0.3000000000000E-02 0.2166666666667    
     607 0.5000000000000     0.3000000000000E-02 0.2000000000000    
     608 0.5000000000000     0.3000000000000E-02 0.1833333333333    
     609 0.5000000000000     0.3000000000000E-02 0.1666666666667    
     610 0.5000000000000     0.3000000000000E-02 0.1500000000000    
     611 0.5000000000000     0.3000000000000E-02 0.1333333333333    
     612 0.5000000000000     0.3000000000000E-02 0.1166666666667    
     613 0.5000000000000     0.3000000000000E-02 0.1000000000000    
     614 0.5000000000000     0.3000000000000E-02 0.8333333333333E-01
     615 0.5000000000000     0.3000000000000E-02 0.6666666666667E-01
     616 0.5000000000000     0.3000000000000E-02 0.5000000000000E-01
     617 0.5000000000000     0.3000000000000E-02 0.3333333333333E-01
     618 0.5000000000000     0.3000000000000E-02 0.1666666666667E-01
     619 0.5000000000000     0.9000000000000E-02 0.1666666666667E-01
     620 0.5000000000000     0.9000000000000E-02 0.3333333333333E-01
     621 0.5000000000000     0.9000000000000E-02 0.5000000000000E-01
     622 0.5000000000000     0.9000000000000E-02 0.6666666666667E-01
     623 0.5000000000000     0.9000000000000E-02 0.8333333333333E-01
     624 0.5000000000000     0.9000000000000E-02 0.1000000000000    
     625 0.5000000000000     0.9000000000000E-02 0.1166666666667    
     626 0.5000000000000     0.9000000000000E-02 0.1333333333333    
     627 0.5000000000000     0.9000000000000E-02 0.1500000000000    
     628 0.5000000000000     0.9000000000000E-02 0.1666666666667    
     629 0.5000000000000     0.9000000000000E-02 0.1833333333333    
     630 0.5000000000000     0.9000000000000E-02 0.2000000000000    
     631 0.5000000000000     0.9000000000000E-02 0.2166666666667    
     632 0.5000000000000     0.9000000000000E-02 0.2333333333333    
     633 0.3333333333333E-01 0.3000000000000E-02 0.1666666666667E-01
     634 0.3333333333333E-01 0.6000000000000E-02 0.1666666666667E-01
     635 0.3333333333333E-01 0.3000000000000E-02 0.3333333333333E-01
     636 0.3333333333333E-01 0.6000000000000E-02 0.3333333333333E-01
     637 0.3333333333333E-01 0.3000000000000E-02 0.5000000000000E-01
     638 0.3333333333333E-01 0.6000000000000E-02 0.5000000000000E-01
     639 0.3333333333333E-01 0.3000000000000E-02 0.6666666666667E-01
     640 0.3333333333333E-01 0.6000000000000E-02 0.6666666666667E-01
     641 0.3333333333333E-01 0.3000000000000E-02 0.8333333333333E-01
     642 0.3333333333333E-01 0.6000000000000E-02 0.8333333333333E-01
     643 0.3333333333333E-01 0.3000000000000E-02 0.1000000000000    
     644 0.3333333333333E-01 0.6000000000000E-02 0.1000000000000    
     645 0.3333333333333E-01 0.3000000000000E-02 0.1166666666667    
     646 0.3333333333333E-01 0.6000000000000E-02 0.1166666666667    
     647 0.3333333333333E-01 0.3000000000000E-02 0.1333333333333    
     648 0.3333333333333E-01 0.6000000000000E-02 0.1333333333333    
     649 0.3333333333333E-01 0.3000000000000E-02 0.1500000000000    
     650 0.3333333333333E-01 0.6000000000000E-02 0.1500000000000    
     651 0.3333333333333E-01 0.3000000000000E-02 0.1666666666667    
     652 0.3333333333333E-01 0.6000000000000E-02 0.1666666666667    
     653 0.3333333333333E-01 0.3000000000000E-02 0.1833333333333    
     654 0.3333333333333E-01 0.6000000000000E-02 0.1833333333333    
     655 0.3333333333333E-01 0.3000000000000E-02 0.2000000000000    
     656 0.3333333333333E-01 0.6000000000000E-02 0.2000000000000    
     657 0.3333333333333E-01 0.3000000000000E-02 0.2166666666667    
     658 0.3333333333333E-01 0.6000000000000E-02 0.2166666666667    
     659 0.3333333333333E-01 0.3000000000000E-02 0.2333333333333    
     660 0.3333333333333E-01 0.6000000000000E-02 0.2333333333333    
     661 0.6666666666667E-01 0.3000000000000E-02 0.1666666666667E-01
     662 0.6666666666667E-01 0.6000000000000E-02 0.1666666666667E-01
     663 0.6666666666667E-01 0.3000000000000E-02 0.3333333333333E-01
     664 0.6666666666667E-01 0.6000000000000E-02 0.3333333333333E-01
     665 0.6666666666667E-01 0.3000000000000E-02 0.5000000000000E-01
     666 0.6666666666667E-01 0.6000000000000E-02 0.5000000000000E-01
     667 0.6666666666667E-01 0.3000000000000E-02 0.6666666666667E-01
     668 0.6666666666667E-01 0.6000000000000E-02 0.6666666666667E-01
     669 0.6666666666667E-01 0.3000000000000E-02 0.8333333333333E-01
     670 0.6666666666667E-01 0.6000000000000E-02 0.8333333333333E-01
     671 0.6666666666667E-01 0.3000000000000E-02 0.1000000000000    
     672 0.6666666666667E-01 0.6000000000000E-02 0.1000000000000    
     673 0.6666666666667E-01 0.3000000000000E-02 0.1166666666667    
     674 0.6666666666667E-01 0.6000000000000E-02 0.1166666666667    
     675 0.6666666666667E-01 0.3000000000000E-02 0.1333333333333    
     676 0.6666666666667E-01 0.6000000000000E-02 0.1333333333333    
     677 0.6666666666667E-01 0.3000000000000E-02 0.1500000000000    
     678 0.6666666666667E-01 0.6000000000000E-02 0.1500000000000    
     679 0.6666666666667E-01 0.3000000000000E-02 0.1666666666667    
     680 0.6666666666667E-01 0.6000000000000E-02 0.1666666666667    
     681 0.6666666666667E-01 0.3000000000000E-02 0.1833333333333    
     682 0.6666666666667E-01 0.6000000000000E-02 0.1833333333333    
     683 0.6666666666667E-01 0.3000000000000E-02 0.2000000000000    
     684 0.6666666666667E-01 0.6000000000000E-02 0.2000000000000    
     685 0.6666666666667E-01 0.3000000000000E-02 0.2166666666667    
     686 0.6666666666667E-01 0.6000000000000E-02 0.2166666666667    
     687 0.6666666666667E-01 0.3000000000000E-02 0.2333333333333    
     688 0.6666666666667E-01 0.6000000000000E-02 0.2333333333333    
     689 0.1000000000000     0.3000000000000E-02 0.1666666666667E-01
     690 0.1000000000000     0.6000000000000E-02 0.1666666666667E-01
     691 0.1000000000000     0.3000000000000E-02 0.3333333333333E-01
     692 0.1000000000000     0.6000000000000E-02 0.3333333333333E-01
     693 0.1000000000000     0.3000000000000E-02 0.5000000000000E-01
     694 0.1000000000000     0.6000000000000E-02 0.5000000000000E-01
     695 0.1000000000000     0.3000000000000E-02 0.6666666666667E-01
     696 0.1000000000000     0.6000000000000E-02 0.6666666666667E-01
     697 0.1000000000000     0.3000000000000E-02 0.8333333333333E-01
     698 0.1000000000000     0.6000000000000E-02 0.8333333333333E-01
     699 0.1000000000000     0.3000000000000E-02 0.1000000000000    
     700 0.1000000000000     0.6000000000000E-02 0.1000000000000    
     701 0.1000000000000     0.3000000000000E-02 0.1166666666667    
     702 0.1000000000000     0.6000000000000E-02 0.1166666666667    
     703 0.1000000000000     0.3000000000000E-02 0.1333333333333    
     704 0.1000000000000     0.6000000000000E-02 0.1333333333333    
     705 0.1000000000000     0.3000000000000E-02 0.1500000000000    
     706 0.1000000000000     0.6000000000000E-02 0.1500000000000    
     707 0.1000000000000     0.3000000000000E-02 0.1666666666667    
     708 0.1000000000000     0.6000000000000E-02 0.1666666666667    
     709 0.1000000000000     0.3000000000000E-02 0.1833333333333    
     710 0.1000000000000     0.6000000000000E-02 0.1833333333333    
     711 0.1000000000000     0.3000000000000E-02 0.2000000000000    
     712 0.1000000000000     0.6000000000000E-02 0.2000000000000    
     713 0.1000000000000     0.3000000000000E-02 0.2166666666667    
     714 0.1000000000000     0.6000000000000E-02 0.2166666666667    
     715 0.1000000000000     0.3000000000000E-02 0.2333333333333    
     716 0.1000000000000     0.6000000000000E-02 0.2333333333333    
     717 0.1333333333333     0.3000000000000E-02 0.1666666666667E-01
     718 0.1333333333333     0.6000000000000E-02 0.1666666666667E-01
     719 0.1333333333333     0.3000000000000E-02 0.3333333333333E-01
     720 0.1333333333333     0.6000000000000E-02 0.3333333333333E-01
     721 0.1333333333333     0.3000000000000E-02 0.5000000000000E-01
     722 0.1333333333333     0.6000000000000E-02 0.5000000000000E-01
     723 0.1333333333333     0.3000000000000E-02 0.6666666666667E-01
     724 0.1333333333333     0.6000000000000E-02 0.6666666666667E-01
     725 0.1333333333333     0.3000000000000E-02 0.8333333333333E-01
     726 0.1333333333333     0.6000000000000E-02 0.8333333333333E-01
     727 0.1333333333333     0.3000000000000E-02 0.1000000000000    
     728 0.1333333333333     0.6000000000000E-02 0.1000000000000    
     729 0.1333333333333     0.3000000000000E-02 0.1166666666667    
     730 0.1333333333333     0.6000000000000E-02 0.1166666666667    
     731 0.1333333333333     0.3000000000000E-02 0.1333333333333    
     732 0.1333333333333     0.6000000000000E-02 0.1333333333333    
     733 0.1333333333333     0.3000000000000E-02 0.1500000000000    
     734 0.1333333333333     0.6000000000000E-02 0.1500000000000    
     735 0.1333333333333     0.3000000000000E-02 0.1666666666667    
     736 0.1333333333333     0.6000000000000E-02 0.1666666666667    
     737 0.1333333333333     0.3000000000000E-02 0.1833333333333    
     738 0.1333333333333     0.6000000000000E-02 0.1833333333333    
     739 0.1333333333333     0.3000000000000E-02 0.2000000000000    
     740 0.1333333333333     0.6000000000000E-02 0.2000000000000    
     741 0.1333333333333     0.3000000000000E-02 0.2166666666667    
     742 0.1333333333333     0.6000000000000E-02 0.2166666666667    
     743 0.1333333333333     0.3000000000000E-02 0.2333333333333    
     744 0.1333333333333     0.6000000000000E-02 0.2333333333333    
     745 0.1666666666667     0.3000000000000E-02 0.1666666666667E-01
     746 0.1666666666667     0.6000000000000E-02 0.1666666666667E-01
     747 0.1666666666667     0.3000000000000E-02 0.3333333333333E-01
     748 0.1666666666667     0.6000000000000E-02 0.3333333333333E-01
     749 0.1666666666667     0.3000000000000E-02 0.5000000000000E-01
     750 0.1666666666667     0.6000000000000E-02 0.5000000000000E-01
     751 0.1666666666667     0.3000000000000E-02 0.6666666666667E-01
     752 0.1666666666667     0.6000000000000E-02 0.6666666666667E-01
     753 0.1666666666667     0.3000000000000E-02 0.8333333333333E-01
     754 0.1666666666667     0.6000000000000E-02 0.8333333333333E-01
     755 0.1666666666667     0.3000000000000E-02 0.1000000000000    
     756 0.1666666666667     0.6000000000000E-02 0.1000000000000    
     757 0.1666666666667     0.3000000000000E-02 0.1166666666667    
     758 0.1666666666667     0.6000000000000E-02 0.1166666666667    
     759 0.1666666666667     0.3000000000000E-02 0.1333333333333    
     760 0.1666666666667     0.6000000000000E-02 0.1333333333333    
     761 0.1666666666667     0.3000000000000E-02 0.1500000000000    
     762 0.1666666666667     0.6000000000000E-02 0.1500000000000    
     763 0.1666666666667     0.3000000000000E-02 0.1666666666667    
     764 0.1666666666667     0.6000000000000E-02 0.1666666666667    
     765 0.1666666666667     0.3000000000000E-02 0.1833333333333    
     766 0.1666666666667     0.6000000000000E-02 0.1833333333333    
     767 0.1666666666667     0.3000000000000E-02 0.2000000000000    
     768 0.1666666666667     0.6000000000000E-02 0.2000000000000    
     769 0.1666666666667     0.3000000000000E-02 0.2166666666667    
     770 0.1666666666667     0.6000000000000E-02 0.2166666666667    
     771 0.1666666666667     0.3000000000000E-02 0.2333333333333    
     772 0.1666666666667     0.6000000000000E-02 0.2333333333333    
     773 0.2000000000000     0.3000000000000E-02 0.1666666666667E-01
     774 0.2000000000000     0.6000000000000E-02 0.1666666666667E-01
     775 0.2000000000000     0.3000000000000E-02 0.3333333333333E-01
     776 0.2000000000000     0.6000000000000E-02 0.3333333333333E-01
     777 0.2000000000000     0.3000000000000E-02 0.5000000000000E-01
     778 0.2000000000000     0.6000000000000E-02 0.5000000000000E-01
     779 0.2000000000000     0.3000000000000E-02 0.6666666666667E-01
     780 0.2000000000000     0.6000000000000E-02 0.6666666666667E-01
     781 0.2000000000000     0.3000000000000E-02 0.8333333333333E-01
     782 0.2000000000000     0.6000000000000E-02 0.8333333333333E-01
     783 0.2000000000000     0.3000000000000E-02 0.1000000000000    
     784 0.2000000000000     0.6000000000000E-02 0.1000000000000    
     785 0.2000000000000     0.3000000000000E-02 0.1166666666667    
     786 0.2000000000000     0.6000000000000E-02 0.1166666666667    
     787 0.2000000000000     0.3000000000000E-02 0.1333333333333    
     788 0.2000000000000     0.6000000000000E-02 0.1333333333333    
     789 0.2000000000000     0.3000000000000E-02 0.1500000000000    
     790 0.2000000000000     0.6000000000000E-02 0.1500000000000    
     791 0.2000000000000     0.3000000000000E-02 0.1666666666667    
     792 0.2000000000000     0.6000000000000E-02 0.1666666666667    
     793 0.2000000000000     0.3000000000000E-02 0.1833333333333    
     794 0.2000000000000     0.6000000000000E-02 0.1833333333333    
     795 0.2000000000000     0.3000000000000E-02 0.2000000000000    
     796 0.2000000000000     0.6000000000000E-02 0.2000000000000    
     797 0.2000000000000     0.3000000000000E-02 0.2166666666667    
     798 0.2000000000000     0.6000000000000E-02 0.2166666666667    
     799 0.2000000000000     0.3000000000000E-02 0.2333333333333    
     800 0.2000000000000     0.6000000000000E-02 0.2333333333333    
     801 0.2333333333333     0.3000000000000E-02 0.1666666666667E-01
     802 0.2333333333333     0.6000000000000E-02 0.1666666666667E-01
     803 0.2333333333333     0.3000000000000E-02 0.3333333333333E-01
     804 0.2333333333333     0.6000000000000E-02 0.3333333333333E-01
     805 0.2333333333333     0.3000000000000E-02 0.5000000000000E-01
     806 0.2333333333333     0.6000000000000E-02 0.5000000000000E-01
     807 0.2333333333333     0.3000000000000E-02 0.6666666666667E-01
     808 0.2333333333333     0.6000000000000E-02 0.6666666666667E-01
     809 0.2333333333333     0.3000000000000E-02 0.8333333333333E-01
     810 0.2333333333333     0.6000000000000E-02 0.8333333333333E-01
     811 0.2333333333333     0.3000000000000E-02 0.1000000000000    
     812 0.2333333333333     0.6000000000000E-02 0.1000000000000    
     813 0.2333333333333     0.3000000000000E-02 0.1166666666667    
     814 0.2333333333333     0.6000000000000E-02 0.1166666666667    
     815 0.2333333333333     0.3000000000000E-02 0.1333333333333    
     816 0.2333333333333     0.6000000000000E-02 0.1333333333333    
     817 0.2333333333333     0.3000000000000E-02 0.1500000000000    
     818 0.2333333333333     0.6000000000000E-02 0.1500000000000    
     819 0.2333333333333     0.3000000000000E-02 0.1666666666667    
     820 0.2333333333333     0.6000000000000E-02 0.1666666666667    
     821 0.2333333333333     0.3000000000000E-02 0.1833333333333    
     822 0.2333333333333     0.6000000000000E-02 0.1833333333333    
     823 0.2333333333333     0.3000000000000E-02 0.2000000000000    
     824 0.2333333333333     0.6000000000000E-02 0.2000000000000    
     825 0.2333333333333     0.3000000000000E-02 0.2166666666667    
     826 0.2333333333333     0.6000000000000E-02 0.2166666666667    
     827 0.2333333333333     0.3000000000000E-02 0.2333333333333    
     828 0.2333333333333     0.6000000000000E-02 0.2333333333333    
     829 0.2666666666667     0.3000000000000E-02 0.1666666666667E-01
     830 0.2666666666667     0.6000000000000E-02 0.1666666666667E-01
     831 0.2666666666667     0.3000000000000E-02 0.3333333333333E-01
     832 0.2666666666667     0.6000000000000E-02 0.3333333333333E-01
     833 0.2666666666667     0.3000000000000E-02 0.5000000000000E-01
     834 0.2666666666667     0.6000000000000E-02 0.5000000000000E-01
     835 0.2666666666667     0.3000000000000E-02 0.6666666666667E-01
     836 0.2666666666667     0.6000000000000E-02 0.6666666666667E-01
     837 0.2666666666667     0.3000000000000E-02 0.8333333333333E-01
     838 0.2666666666667     0.6000000000000E-02 0.8333333333333E-01
     839 0.2666666666667     0.3000000000000E-02 0.1000000000000    
     840 0.2666666666667     0.6000000000000E-02 0.1000000000000    
     841 0.2666666666667     0.3000000000000E-02 0.1166666666667    
     842 0.2666666666667     0.6000000000000E-02 0.1166666666667    
     843 0.2666666666667     0.3000000000000E-02 0.1333333333333    
     844 0.2666666666667     0.6000000000000E-02 0.1333333333333    
     845 0.2666666666667     0.3000000000000E-02 0.1500000000000    
     846 0.2666666666667     0.6000000000000E-02 0.1500000000000    
     847 0.2666666666667     0.3000000000000E-02 0.1666666666667    
     848 0.2666666666667     0.6000000000000E-02 0.1666666666667    
     849 0.2666666666667     0.3000000000000E-02 0.1833333333333    
     850 0.2666666666667     0.6000000000000E-02 0.1833333333333    
     851 0.2666666666667     0.3000000000000E-02 0.2000000000000    
     852 0.2666666666667     0.6000000000000E-02 0.2000000000000    
     853 0.2666666666667     0.3000000000000E-02 0.2166666666667    
     854 0.2666666666667     0.6000000000000E-02 0.2166666666667    
     855 0.2666666666667     0.3000000000000E-02 0.2333333333333    
     856 0.2666666666667     0.6000000000000E-02 0.2333333333333    
     857 0.3000000000000     0.3000000000000E-02 0.1666666666667E-01
     858 0.3000000000000     0.6000000000000E-02 0.1666666666667E-01
     859 0.3000000000000     0.3000000000000E-02 0.3333333333333E-01
     860 0.3000000000000     0.6000000000000E-02 0.3333333333333E-01
     861 0.3000000000000     0.3000000000000E-02 0.5000000000000E-01
     862 0.3000000000000     0.6000000000000E-02 0.5000000000000E-01
     863 0.3000000000000     0.3000000000000E-02 0.6666666666667E-01
     864 0.3000000000000     0.6000000000000E-02 0.6666666666667E-01
     865 0.3000000000000     0.3000000000000E-02 0.8333333333333E-01
     866 0.3000000000000     0.6000000000000E-02 0.8333333333333E-01
     867 0.3000000000000     0.3000000000000E-02 0.1000000000000    
     868 0.3000000000000     0.6000000000000E-02 0.1000000000000    
     869 0.3000000000000     0.3000000000000E-02 0.1166666666667    
     870 0.3000000000000     0.6000000000000E-02 0.1166666666667    
     871 0.3000000000000     0.3000000000000E-02 0.1333333333333    
     872 0.3000000000000     0.6000000000000E-02 0.1333333333333    
     873 0.3000000000000     0.3000000000000E-02 0.1500000000000    
     874 0.3000000000000     0.6000000000000E-02 0.1500000000000    
     875 0.3000000000000     0.3000000000000E-02 0.1666666666667    
     876 0.3000000000000     0.6000000000000E-02 0.1666666666667    
     877 0.3000000000000     0.3000000000000E-02 0.1833333333333    
     878 0.3000000000000     0.6000000000000E-02 0.1833333333333    
     879 0.3000000000000     0.3000000000000E-02 0.2000000000000    
     880 0.3000000000000     0.6000000000000E-02 0.2000000000000    
     881 0.3000000000000     0.3000000000000E-02 0.2166666666667    
     882 0.3000000000000     0.6000000000000E-02 0.2166666666667    
     883 0.3000000000000     0.3000000000000E-02 0.2333333333333    
     884 0.3000000000000     0.6000000000000E-02 0.2333333333333    
     885 0.3333333333333     0.3000000000000E-02 0.1666666666667E-01
     886 0.3333333333333     0.6000000000000E-02 0.1666666666667E-01
     887 0.3333333333333     0.3000000000000E-02 0.3333333333333E-01
     888 0.3333333333333     0.6000000000000E-02 0.3333333333333E-01
     889 0.3333333333333     0.3000000000000E-02 0.5000000000000E-01
     890 0.3333333333333     0.6000000000000E-02 0.5000000000000E-01
     891 0.3333333333333     0.3000000000000E-02 0.6666666666667E-01
     892 0.3333333333333     0.6000000000000E-02 0.6666666666667E-01
     893 0.3333333333333     0.3000000000000E-02 0.8333333333333E-01
     894 0.3333333333333     0.6000000000000E-02 0.8333333333333E-01
     895 0.3333333333333     0.3000000000000E-02 0.1000000000000    
     896 0.3333333333333     0.6000000000000E-02 0.1000000000000    
     897 0.3333333333333     0.3000000000000E-02 0.1166666666667    
     898 0.3333333333333     0.6000000000000E-02 0.1166666666667    
     899 0.3333333333333     0.3000000000000E-02 0.1333333333333    
     900 0.3333333333333     0.6000000000000E-02 0.1333333333333    
     901 0.3333333333333     0.3000000000000E-02 0.1500000000000    
     902 0.3333333333333     0.6000000000000E-02 0.1500000000000    
     903 0.3333333333333     0.3000000000000E-02 0.1666666666667    
     904 0.3333333333333     0.6000000000000E-02 0.1666666666667    
     905 0.3333333333333     0.3000000000000E-02 0.1833333333333    
     906 0.3333333333333     0.6000000000000E-02 0.1833333333333    
     907 0.3333333333333     0.3000000000000E-02 0.2000000000000    
     908 0.3333333333333     0.6000000000000E-02 0.2000000000000    
     909 0.3333333333333     0.3000000000000E-02 0.2166666666667    
     910 0.3333333333333     0.6000000000000E-02 0.2166666666667    
     911 0.3333333333333     0.3000000000000E-02 0.2333333333333    
     912 0.3333333333333     0.6000000000000E-02 0.2333333333333    
     913 0.3666666666667     0.3000000000000E-02 0.1666666666667E-01
     914 0.3666666666667     0.6000000000000E-02 0.1666666666667E-01
     915 0.3666666666667     0.3000000000000E-02 0.3333333333333E-01
     916 0.3666666666667     0.6000000000000E-02 0.3333333333333E-01
     917 0.3666666666667     0.3000000000000E-02 0.5000000000000E-01
     918 0.3666666666667     0.6000000000000E-02 0.5000000000000E-01
     919 0.3666666666667     0.3000000000000E-02 0.6666666666667E-01
     920 0.3666666666667     0.6000000000000E-02 0.6666666666667E-01
     921 0.3666666666667     0.3000000000000E-02 0.8333333333333E-01
     922 0.3666666666667     0.6000000000000E-02 0.8333333333333E-01
     923 0.3666666666667     0.3000000000000E-02 0.1000000000000    
     924 0.3666666666667     0.6000000000000E-02 0.1000000000000    
     925 0.3666666666667     0.3000000000000E-02 0.1166666666667    
     926 0.3666666666667     0.6000000000000E-02 0.1166666666667    
     927 0.3666666666667     0.3000000000000E-02 0.1333333333333    
     928 0.3666666666667     0.6000000000000E-02 0.1333333333333    
     929 0.3666666666667     0.3000000000000E-02 0.1500000000000    
     930 0.3666666666667     0.6000000000000E-02 0.1500000000000    
     931 0.3666666666667     0.3000000000000E-02 0.1666666666667    
     932 0.3666666666667     0.6000000000000E-02 0.1666666666667    
     933 0.3666666666667     0.3000000000000E-02 0.1833333333333    
     934 0.3666666666667     0.6000000000000E-02 0.1833333333333    
     935 0.3666666666667     0.3000000000000E-02 0.2000000000000    
     936 0.3666666666667     0.6000000000000E-02 0.2000000000000    
     937 0.3666666666667     0.3000000000000E-02 0.2166666666667    
     938 0.3666666666667     0.6000000000000E-02 0.2166666666667    
     939 0.3666666666667     0.3000000000000E-02 0.2333333333333    
     940 0.3666666666667     0.6000000000000E-02 0.2333333333333    
     941 0.4000000000000     0.3000000000000E-02 0.1666666666667E-01
     942 0.4000000000000     0.6000000000000E-02 0.1666666666667E-01
     943 0.4000000000000     0.3000000000000E-02 0.3333333333333E-01
     944 0.4000000000000     0.6000000000000E-02 0.3333333333333E-01
     945 0.4000000000000     0.3000000000000E-02 0.5000000000000E-01
     946 0.4000000000000     0.6000000000000E-02 0.5000000000000E-01
     947 0.4000000000000     0.3000000000000E-02 0.6666666666667E-01
     948 0.4000000000000     0.6000000000000E-02 0.6666666666667E-01
     949 0.4000000000000     0.3000000000000E-02 0.8333333333333E-01
     950 0.4000000000000     0.6000000000000E-02 0.8333333333333E-01
     951 0.4000000000000     0.3000000000000E-02 0.1000000000000    
     952 0.4000000000000     0.6000000000000E-02 0.1000000000000    
     953 0.4000000000000     0.3000000000000E-02 0.1166666666667    
     954 0.4000000000000     0.6000000000000E-02 0.1166666666667    
     955 0.4000000000000     0.3000000000000E-02 0.1333333333333    
     956 0.4000000000000     0.6000000000000E-02 0.1333333333333    
     957 0.4000000000000     0.3000000000000E-02 0.1500000000000    
     958 0.4000000000000     0.6000000000000E-02 0.1500000000000    
     959 0.4000000000000     0.3000000000000E-02 0.1666666666667    
     960 0.4000000000000     0.6000000000000E-02 0.1666666666667    
     961 0.4000000000000     0.3000000000000E-02 0.1833333333333    
     962 0.4000000000000     0.6000000000000E-02 0.1833333333333    
     963 0.4000000000000     0.3000000000000E-02 0.2000000000000    
     964 0.4000000000000     0.6000000000000E-02 0.2000000000000    
     965 0.4000000000000     0.3000000000000E-02 0.2166666666667    
     966 0.4000000000000     0.6000000000000E-02 0.2166666666667    
     967 0.4000000000000     0.3000000000000E-02 0.2333333333333    
     968 0.4000000000000     0.6000000000000E-02 0.2333333333333    
     969 0.4333333333333     0.3000000000000E-02 0.1666666666667E-01
     970 0.4333333333333     0.6000000000000E-02 0.1666666666667E-01
     971 0.4333333333333     0.3000000000000E-02 0.3333333333333E-01
     972 0.4333333333333     0.6000000000000E-02 0.3333333333333E-01
     973 0.4333333333333     0.3000000000000E-02 0.5000000000000E-01
     974 0.4333333333333     0.6000000000000E-02 0.5000000000000E-01
     975 0.4333333333333     0.3000000000000E-02 0.6666666666667E-01
     976 0.4333333333333     0.6000000000000E-02 0.6666666666667E-01
     977 0.4333333333333     0.3000000000000E-02 0.8333333333333E-01
     978 0.4333333333333     0.6000000000000E-02 0.8333333333333E-01
     979 0.4333333333333     0.3000000000000E-02 0.1000000000000    
     980 0.4333333333333     0.6000000000000E-02 0.1000000000000    
     981 0.4333333333333     0.3000000000000E-02 0.1166666666667    
     982 0.4333333333333     0.6000000000000E-02 0.1166666666667    
     983 0.4333333333333     0.3000000000000E-02 0.1333333333333    
     984 0.4333333333333     0.6000000000000E-02 0.1333333333333    
     985 0.4333333333333     0.3000000000000E-02 0.1500000000000    
     986 0.4333333333333     0.6000000000000E-02 0.1500000000000    
     987 0.4333333333333     0.3000000000000E-02 0.1666666666667    
     988 0.4333333333333     0.6000000000000E-02 0.1666666666667    
     989 0.4333333333333     0.3000000000000E-02 0.1833333333333    
     990 0.4333333333333     0.6000000000000E-02 0.1833333333333    
     991 0.4333333333333     0.3000000000000E-02 0.2000000000000    
     992 0.4333333333333     0.6000000000000E-02 0.2000000000000    
     993 0.4333333333333     0.3000000000000E-02 0.2166666666667    
     994 0.4333333333333     0.6000000000000E-02 0.2166666666667    
     995 0.4333333333333     0.3000000000000E-02 0.2333333333333    
     996 0.4333333333333     0.6000000000000E-02 0.2333333333333    
     997 0.4666666666667     0.3000000000000E-02 0.1666666666667E-01
     998 0.4666666666667     0.6000000000000E-02 0.1666666666667E-01
     999 0.4666666666667     0.3000000000000E-02 0.3333333333333E-01
    1000 0.4666666666667     0.6000000000000E-02 0.3333333333333E-01
    1001 0.4666666666667     0.3000000000000E-02 0.5000000000000E-01
    1002 0.4666666666667     0.6000000000000E-02 0.5000000000000E-01
    1003 0.4666666666667     0.3000000000000E-02 0.6666666666667E-01
    1004 0.4666666666667     0.6000000000000E-02 0.6666666666667E-01
    1005 0.4666666666667     0.3000000000000E-02 0.8333333333333E-01
    1006 0.4666666666667     0.6000000000000E-02 0.8333333333333E-01
    1007 0.4666666666667     0.3000000000000E-02 0.1000000000000    
    1008 0.4666666666667     0.6000000000000E-02 0.1000000000000    
    1009 0.4666666666667     0.3000000000000E-02 0.1166666666667    
    1010 0.4666666666667     0.6000000000000E-02 0.1166666666667    
    1011 0.4666666666667     0.3000000000000E-02 0.1333333333333    
    1012 0.4666666666667     0.6000000000000E-02 0.1333333333333    
    1013 0.4666666666667     0.3000000000000E-02 0.1500000000000    
    1014 0.4666666666667     0.6000000000000E-02 0.1500000000000    
    1015 0.4666666666667     0.3000000000000E-02 0.1666666666667    
    1016 0.4666666666667     0.6000000000000E-02 0.1666666666667    
    1017 0.4666666666667     0.3000000000000E-02 0.1833333333333    
    1018 0.4666666666667     0.6000000000000E-02 0.1833333333333    
    1019 0.4666666666667     0.3000000000000E-02 0.2000000000000    
    1020 0.4666666666667     0.6000000000000E-02 0.2000000000000    
    1021 0.4666666666667     0.3000000000000E-02 0.2166666666667    
    1022 0.4666666666667     0.6000000000000E-02 0.2166666666667    
    1023 0.4666666666667     0.3000000000000E-02 0.2333333333333    
    1024 0.4666666666667     0.6000000000000E-02 0.2333333333333    

